>TCWATTCCMACA	2-TCWATTCCMACA,BestGuess:Fox:Ebox(Forkhead,bHLH)/Panc1-Foxa2-ChIP-Seq(GSE47459)/Homer(0.681)	7.157815	-12.556468	0	T:33.0(20.89%),B:1257.4(8.94%),P:1e-5
0.095	0.191	0.032	0.682
0.089	0.719	0.064	0.128
0.416	0.065	0.001	0.518
0.744	0.001	0.192	0.063
0.160	0.032	0.160	0.648
0.001	0.001	0.382	0.616
0.064	0.673	0.120	0.143
0.312	0.686	0.001	0.001
0.440	0.448	0.001	0.111
0.760	0.160	0.001	0.079
0.064	0.750	0.064	0.122
0.809	0.063	0.001	0.127
