>GCCASCAGRGGG	1-GCCASCAGRGGG	10.322252	-429.653456	0	T:143.0(14.47%),B:17.1(0.30%),P:1e-186	Tpos:202.1,Tstd:146.1,Bpos:292.9,Bstd:233.4,StrandBias:-0.2,Multiplicity:1.01
0.317	0.001	0.583	0.099
0.021	0.957	0.021	0.001
0.001	0.997	0.001	0.001
0.957	0.001	0.021	0.021
0.001	0.542	0.456	0.001
0.021	0.751	0.021	0.207
0.957	0.001	0.001	0.041
0.001	0.001	0.997	0.001
0.466	0.001	0.532	0.001
0.001	0.021	0.770	0.208
0.001	0.001	0.997	0.001
0.001	0.020	0.978	0.001
>TGCCACCTAGTG	2-TGCCACCTAGTG	8.528406	-357.035152	0	T:247.0(25.00%),B:157.2(2.74%),P:1e-155	Tpos:229.1,Tstd:154.9,Bpos:240.3,Bstd:280.6,StrandBias:0.1,Multiplicity:1.05
0.053	0.135	0.001	0.811
0.001	0.001	0.997	0.001
0.026	0.947	0.026	0.001
0.001	0.997	0.001	0.001
0.839	0.107	0.001	0.053
0.001	0.661	0.169	0.169
0.001	0.972	0.001	0.026
0.053	0.028	0.001	0.918
0.529	0.001	0.367	0.103
0.001	0.259	0.739	0.001
0.311	0.136	0.001	0.552
0.001	0.088	0.910	0.001
>RCAGAGGGMGCT	3-RCAGAGGGMGCT	9.568451	-135.159273	0	T:96.0(9.72%),B:60.9(1.06%),P:1e-58	Tpos:253.5,Tstd:171.6,Bpos:181.4,Bstd:273.9,StrandBias:0.0,Multiplicity:1.06
0.434	0.267	0.297	0.002
0.133	0.840	0.001	0.026
0.867	0.026	0.001	0.106
0.053	0.026	0.920	0.001
0.890	0.001	0.108	0.001
0.001	0.001	0.972	0.026
0.079	0.001	0.919	0.001
0.001	0.001	0.997	0.001
0.373	0.411	0.107	0.109
0.162	0.080	0.703	0.055
0.186	0.705	0.108	0.001
0.001	0.240	0.080	0.679
>GGCCAGGCYRGG	4-GGCCAGGCYRGG	9.832004	-132.800442	0	T:77.0(7.79%),B:34.3(0.60%),P:1e-57	Tpos:263.6,Tstd:181.9,Bpos:227.3,Bstd:115.9,StrandBias:-0.7,Multiplicity:1.06
0.117	0.020	0.766	0.097
0.001	0.312	0.609	0.078
0.039	0.783	0.158	0.020
0.098	0.882	0.019	0.001
0.784	0.001	0.001	0.214
0.058	0.001	0.940	0.001
0.001	0.098	0.862	0.039
0.058	0.864	0.001	0.077
0.117	0.469	0.019	0.394
0.452	0.001	0.351	0.196
0.175	0.001	0.747	0.077
0.098	0.020	0.804	0.078
>NNCCARGCAGSC	5-NNCCARGCAGSC	6.941622	-120.985362	0	T:183.0(18.52%),B:283.5(4.95%),P:1e-52	Tpos:270.4,Tstd:202.5,Bpos:210.3,Bstd:260.1,StrandBias:0.1,Multiplicity:1.13
0.267	0.317	0.189	0.226
0.205	0.214	0.334	0.246
0.046	0.616	0.307	0.031
0.233	0.574	0.022	0.171
0.400	0.244	0.138	0.218
0.312	0.088	0.435	0.165
0.107	0.296	0.575	0.022
0.165	0.680	0.032	0.123
0.601	0.022	0.024	0.353
0.027	0.132	0.733	0.108
0.031	0.505	0.433	0.031
0.287	0.542	0.122	0.049
>CAGCTGCCARGC	6-CAGCTGCCARGC	9.222979	-102.880142	0	T:29.0(2.94%),B:2.5(0.04%),P:1e-44	Tpos:303.2,Tstd:175.7,Bpos:322.7,Bstd:17.7,StrandBias:-0.6,Multiplicity:1.04
0.160	0.629	0.124	0.087
0.677	0.009	0.102	0.212
0.087	0.074	0.743	0.096
0.077	0.664	0.148	0.111
0.248	0.047	0.078	0.627
0.001	0.190	0.706	0.103
0.123	0.544	0.238	0.095
0.029	0.674	0.144	0.153
0.507	0.263	0.088	0.142
0.493	0.084	0.407	0.016
0.016	0.217	0.703	0.064
0.191	0.452	0.144	0.214
>TGGCACGGTGCC	7-TGGCACGGTGCC	6.516046	-102.719015	0	T:385.0(38.97%),B:1118.7(19.51%),P:1e-44	Tpos:274.8,Tstd:190.6,Bpos:228.8,Bstd:415.2,StrandBias:-0.1,Multiplicity:1.35
0.132	0.006	0.138	0.724
0.034	0.011	0.915	0.040
0.035	0.090	0.840	0.035
0.057	0.885	0.057	0.001
0.660	0.115	0.035	0.190
0.138	0.488	0.202	0.173
0.223	0.121	0.472	0.184
0.069	0.230	0.661	0.040
0.270	0.040	0.092	0.598
0.011	0.075	0.834	0.080
0.058	0.827	0.081	0.034
0.029	0.916	0.011	0.044
>CGCCGCCCGCGC	8-CGCCGCCCGCGC	9.038433	-102.424754	0	T:25.0(2.53%),B:1.9(0.03%),P:1e-44	Tpos:363.7,Tstd:178.3,Bpos:276.3,Bstd:66.2,StrandBias:0.8,Multiplicity:1.17
0.100	0.656	0.130	0.114
0.107	0.156	0.609	0.128
0.052	0.805	0.095	0.048
0.160	0.610	0.102	0.128
0.121	0.114	0.616	0.149
0.055	0.750	0.108	0.087
0.052	0.825	0.065	0.058
0.147	0.606	0.110	0.137
0.109	0.197	0.571	0.123
0.108	0.627	0.157	0.108
0.112	0.171	0.579	0.138
0.050	0.748	0.120	0.082
>GCAGGGCAGRGC	9-GCAGGGCAGRGC	12.032937	-85.257599	0	T:25.0(2.53%),B:2.9(0.05%),P:1e-37	Tpos:296.2,Tstd:204.7,Bpos:104.1,Bstd:28.2,StrandBias:-0.8,Multiplicity:1.04
0.001	0.001	0.997	0.001
0.160	0.759	0.080	0.001
0.997	0.001	0.001	0.001
0.001	0.001	0.997	0.001
0.079	0.001	0.919	0.001
0.242	0.080	0.677	0.001
0.001	0.997	0.001	0.001
0.679	0.080	0.001	0.240
0.001	0.001	0.997	0.001
0.403	0.080	0.355	0.163
0.001	0.001	0.997	0.001
0.001	0.919	0.079	0.001
>NSCCCCGCCCBN	10-NSCCCCGCCCBN	7.638911	-82.676074	0	T:21.0(2.13%),B:0.0(0.00%),P:1e-35	Tpos:453.7,Tstd:340.9,Bpos:0.0,Bstd:0.0,StrandBias:0.2,Multiplicity:1.10
0.192	0.280	0.238	0.291
0.182	0.281	0.344	0.193
0.141	0.564	0.160	0.135
0.157	0.547	0.178	0.118
0.107	0.620	0.161	0.112
0.094	0.636	0.176	0.094
0.097	0.133	0.661	0.109
0.115	0.643	0.149	0.093
0.123	0.577	0.166	0.134
0.145	0.511	0.209	0.135
0.199	0.351	0.221	0.229
0.256	0.283	0.301	0.160
>CTCACCCCAGCG	11-CTCACCCCAGCG	8.095304	-78.119650	0	T:144.0(14.57%),B:258.2(4.50%),P:1e-33	Tpos:280.6,Tstd:232.3,Bpos:237.9,Bstd:321.1,StrandBias:0.4,Multiplicity:1.07
0.035	0.805	0.105	0.055
0.105	0.135	0.040	0.720
0.075	0.750	0.115	0.060
0.715	0.105	0.050	0.130
0.035	0.699	0.191	0.075
0.040	0.810	0.050	0.100
0.070	0.799	0.050	0.081
0.070	0.875	0.025	0.030
0.860	0.035	0.030	0.075
0.055	0.090	0.820	0.035
0.110	0.610	0.155	0.125
0.110	0.205	0.534	0.151
>CTCGGGGCCCGC	12-CTCGGGGCCCGC	10.279473	-75.282484	0	T:25.0(2.53%),B:3.6(0.06%),P:1e-32	Tpos:394.5,Tstd:250.5,Bpos:241.9,Bstd:15.6,StrandBias:-0.7,Multiplicity:1.08
0.001	0.997	0.001	0.001
0.065	0.194	0.129	0.612
0.001	0.870	0.001	0.128
0.129	0.129	0.677	0.065
0.001	0.064	0.934	0.001
0.129	0.016	0.854	0.001
0.001	0.128	0.870	0.001
0.001	0.997	0.001	0.001
0.065	0.805	0.065	0.065
0.065	0.805	0.065	0.065
0.065	0.065	0.741	0.129
0.001	0.870	0.001	0.128
>TCGCGCAGTCGC	13-TCGCGCAGTCGC	8.437122	-71.379205	0	T:24.0(2.43%),B:3.8(0.07%),P:1e-30	Tpos:381.0,Tstd:269.1,Bpos:314.7,Bstd:60.9,StrandBias:0.3,Multiplicity:1.10
0.072	0.140	0.028	0.760
0.084	0.650	0.154	0.112
0.140	0.086	0.662	0.112
0.098	0.788	0.084	0.030
0.072	0.112	0.592	0.224
0.014	0.902	0.070	0.014
0.872	0.058	0.028	0.042
0.001	0.098	0.859	0.042
0.056	0.128	0.100	0.716
0.098	0.692	0.098	0.112
0.072	0.112	0.690	0.126
0.028	0.818	0.112	0.042
>AGGCCTCGGTTT	14-AGGCCTCGGTTT	8.372406	-64.481885	0	T:84.0(8.50%),B:111.4(1.94%),P:1e-28	Tpos:304.1,Tstd:238.9,Bpos:305.7,Bstd:437.3,StrandBias:0.1,Multiplicity:1.06
0.753	0.090	0.060	0.097
0.113	0.015	0.812	0.060
0.052	0.068	0.850	0.030
0.083	0.812	0.030	0.075
0.030	0.842	0.015	0.113
0.090	0.105	0.052	0.753
0.045	0.522	0.210	0.223
0.121	0.043	0.659	0.177
0.073	0.095	0.727	0.105
0.045	0.116	0.058	0.781
0.022	0.127	0.085	0.766
0.105	0.090	0.077	0.728
>GCTGACGGCCCC	15-GCTGACGGCCCC	7.946660	-61.491752	0	T:88.0(8.91%),B:127.9(2.23%),P:1e-26	Tpos:305.3,Tstd:179.7,Bpos:244.1,Bstd:161.8,StrandBias:0.2,Multiplicity:1.07
0.041	0.062	0.842	0.055
0.021	0.882	0.069	0.028
0.076	0.069	0.055	0.800
0.062	0.137	0.787	0.014
0.655	0.158	0.104	0.083
0.082	0.670	0.124	0.124
0.179	0.055	0.594	0.172
0.076	0.096	0.745	0.083
0.076	0.787	0.048	0.089
0.104	0.683	0.096	0.117
0.063	0.793	0.082	0.062
0.124	0.766	0.034	0.076
>TTCGCGCGCTCC	16-TTCGCGCGCTCC	7.887912	-61.062299	0	T:23.0(2.33%),B:4.3(0.07%),P:1e-26	Tpos:338.1,Tstd:205.4,Bpos:216.2,Bstd:81.3,StrandBias:-1.0,Multiplicity:1.09
0.059	0.169	0.097	0.675
0.045	0.182	0.164	0.609
0.070	0.604	0.178	0.148
0.121	0.185	0.563	0.131
0.106	0.666	0.118	0.110
0.110	0.188	0.578	0.124
0.135	0.577	0.144	0.144
0.097	0.149	0.632	0.122
0.043	0.815	0.072	0.070
0.070	0.081	0.081	0.768
0.029	0.762	0.139	0.070
0.081	0.751	0.058	0.110
>GTCTGCTTTGTA	17-GTCTGCTTTGTA	8.174728	-57.266106	0	T:121.0(12.25%),B:238.0(4.15%),P:1e-24	Tpos:247.7,Tstd:172.2,Bpos:221.5,Bstd:185.8,StrandBias:-0.0,Multiplicity:1.06
0.001	0.056	0.795	0.148
0.028	0.141	0.028	0.803
0.001	0.717	0.141	0.141
0.055	0.001	0.001	0.943
0.028	0.084	0.887	0.001
0.001	0.831	0.084	0.084
0.001	0.028	0.028	0.943
0.001	0.084	0.112	0.803
0.028	0.001	0.028	0.943
0.028	0.113	0.824	0.035
0.056	0.197	0.056	0.691
0.831	0.028	0.085	0.056
>GCCTTAGCAACC	18-GCCTTAGCAACC	8.217268	-55.874245	0	T:60.0(6.07%),B:65.0(1.13%),P:1e-24	Tpos:309.4,Tstd:208.1,Bpos:236.8,Bstd:142.1,StrandBias:0.3,Multiplicity:1.05
0.062	0.083	0.751	0.104
0.097	0.730	0.090	0.083
0.069	0.835	0.041	0.055
0.149	0.076	0.014	0.761
0.107	0.104	0.110	0.679
0.717	0.055	0.145	0.083
0.076	0.055	0.800	0.069
0.097	0.772	0.110	0.021
0.800	0.124	0.021	0.055
0.744	0.090	0.104	0.062
0.162	0.658	0.118	0.062
0.131	0.758	0.062	0.049
>TTAATGATTAAC	19-TTAATGATTAAC	10.384152	-52.663731	0	T:35.0(3.54%),B:20.3(0.35%),P:1e-22	Tpos:313.5,Tstd:191.4,Bpos:214.9,Bstd:86.7,StrandBias:0.1,Multiplicity:1.00
0.001	0.001	0.112	0.886
0.113	0.075	0.038	0.774
0.997	0.001	0.001	0.001
0.886	0.038	0.038	0.038
0.188	0.001	0.001	0.810
0.154	0.040	0.539	0.267
0.808	0.001	0.001	0.190
0.075	0.040	0.075	0.810
0.002	0.001	0.001	0.996
0.925	0.037	0.001	0.037
0.923	0.075	0.001	0.001
0.075	0.661	0.113	0.151
>CACAGCTGTGCC	20-CACAGCTGTGCC	8.678512	-52.377458	0	T:95.0(9.62%),B:167.6(2.92%),P:1e-22	Tpos:235.7,Tstd:161.9,Bpos:235.9,Bstd:179.3,StrandBias:0.2,Multiplicity:1.07
0.096	0.827	0.002	0.075
0.812	0.075	0.038	0.075
0.056	0.868	0.075	0.001
0.868	0.038	0.019	0.075
0.038	0.145	0.779	0.038
0.019	0.885	0.040	0.056
0.150	0.075	0.001	0.774
0.038	0.126	0.761	0.075
0.056	0.019	0.038	0.887
0.001	0.037	0.925	0.037
0.094	0.793	0.038	0.075
0.075	0.831	0.019	0.075
>AGGAAGGGGCGG	21-AGGAAGGGGCGG	10.409522	-52.068197	0	T:17.0(1.72%),B:2.8(0.05%),P:1e-22	Tpos:301.1,Tstd:141.9,Bpos:281.2,Bstd:45.1,StrandBias:0.2,Multiplicity:1.00
0.700	0.100	0.100	0.100
0.100	0.100	0.700	0.100
0.100	0.100	0.700	0.100
0.700	0.100	0.100	0.100
0.700	0.100	0.100	0.100
0.100	0.100	0.700	0.100
0.100	0.100	0.700	0.100
0.100	0.100	0.700	0.100
0.100	0.100	0.700	0.100
0.100	0.700	0.100	0.100
0.100	0.100	0.700	0.100
0.100	0.100	0.700	0.100
>GCGGGCGGGAGG	22-GCGGGCGGGAGG	10.409522	-50.056220	0	T:14.0(1.42%),B:0.6(0.01%),P:1e-21	Tpos:339.8,Tstd:192.7,Bpos:223.7,Bstd:25.1,StrandBias:-1.0,Multiplicity:1.07
0.100	0.100	0.700	0.100
0.100	0.700	0.100	0.100
0.100	0.100	0.700	0.100
0.100	0.100	0.700	0.100
0.100	0.100	0.700	0.100
0.100	0.700	0.100	0.100
0.100	0.100	0.700	0.100
0.100	0.100	0.700	0.100
0.100	0.100	0.700	0.100
0.700	0.100	0.100	0.100
0.100	0.100	0.700	0.100
0.100	0.100	0.700	0.100
>MCGCGCTCACCS	23-MCGCGCTCACCS	7.294023	-45.873506	0	T:28.0(2.83%),B:14.1(0.25%),P:1e-19	Tpos:372.2,Tstd:228.0,Bpos:279.1,Bstd:43.4,StrandBias:0.5,Multiplicity:1.09
0.382	0.245	0.221	0.152
0.153	0.548	0.174	0.125
0.134	0.155	0.567	0.144
0.121	0.594	0.148	0.137
0.124	0.156	0.569	0.151
0.072	0.730	0.113	0.085
0.118	0.133	0.088	0.661
0.072	0.701	0.146	0.081
0.607	0.150	0.097	0.146
0.086	0.661	0.161	0.092
0.139	0.618	0.090	0.153
0.197	0.228	0.365	0.210
>CACACCCCTGTT	24-CACACCCCTGTT	12.001508	-45.645125	0	T:13.0(1.32%),B:1.8(0.03%),P:1e-19	Tpos:220.4,Tstd:163.6,Bpos:155.8,Bstd:36.0,StrandBias:0.0,Multiplicity:1.08
0.266	0.732	0.001	0.001
0.997	0.001	0.001	0.001
0.001	0.997	0.001	0.001
0.865	0.001	0.001	0.133
0.001	0.865	0.133	0.001
0.032	0.966	0.001	0.001
0.001	0.997	0.001	0.001
0.001	0.732	0.001	0.266
0.133	0.001	0.001	0.865
0.133	0.001	0.865	0.001
0.001	0.133	0.001	0.865
0.166	0.001	0.133	0.700
>CCTTGGGGACAG	25-CCTTGGGGACAG	10.076455	-40.604343	0	T:17.0(1.72%),B:4.7(0.08%),P:1e-17	Tpos:325.1,Tstd:173.3,Bpos:288.3,Bstd:65.1,StrandBias:0.4,Multiplicity:1.00
0.071	0.775	0.083	0.071
0.083	0.774	0.042	0.101
0.065	0.196	0.059	0.680
0.071	0.059	0.083	0.787
0.101	0.077	0.745	0.077
0.083	0.077	0.727	0.113
0.154	0.059	0.710	0.077
0.101	0.120	0.708	0.071
0.738	0.101	0.072	0.089
0.113	0.738	0.107	0.042
0.827	0.036	0.036	0.101
0.059	0.107	0.798	0.036
