>CAGRGGGCAS	1-CAGRGGGCAS	8.060098	-336.173114	0	T:278.0(28.14%),B:233.4(4.07%),P:1e-145	Tpos:231.8,Tstd:154.6,Bpos:219.4,Bstd:294.6,StrandBias:-0.1,Multiplicity:1.11
0.035	0.508	0.177	0.280
0.997	0.001	0.001	0.001
0.001	0.001	0.997	0.001
0.493	0.001	0.505	0.001
0.001	0.001	0.632	0.366
0.013	0.001	0.985	0.001
0.001	0.001	0.997	0.001
0.001	0.997	0.001	0.001
0.634	0.001	0.364	0.001
0.001	0.438	0.560	0.001
>CGCTGCGCGG	2-CGCTGCGCGG	6.331219	-243.547970	0	T:51.0(5.16%),B:1.8(0.03%),P:1e-105	Tpos:382.8,Tstd:215.1,Bpos:313.7,Bstd:34.4,StrandBias:0.3,Multiplicity:1.22
0.143	0.539	0.180	0.138
0.131	0.140	0.602	0.127
0.083	0.695	0.141	0.081
0.138	0.139	0.159	0.564
0.088	0.163	0.638	0.111
0.128	0.597	0.173	0.102
0.108	0.187	0.582	0.123
0.141	0.580	0.143	0.136
0.147	0.146	0.576	0.131
0.100	0.176	0.628	0.096
>GTGCCCGCGG	3-GTGCCCGCGG	6.912418	-154.441980	0	T:35.0(3.54%),B:1.4(0.03%),P:1e-67	Tpos:283.8,Tstd:179.7,Bpos:257.8,Bstd:91.1,StrandBias:0.1,Multiplicity:1.07
0.090	0.160	0.634	0.116
0.151	0.127	0.161	0.561
0.086	0.136	0.665	0.113
0.101	0.615	0.181	0.103
0.111	0.681	0.095	0.113
0.173	0.567	0.116	0.144
0.148	0.163	0.528	0.161
0.141	0.542	0.180	0.137
0.137	0.126	0.561	0.176
0.107	0.138	0.647	0.108
>GGCTCTGGGC	4-GGCTCTGGGC	8.995388	-138.041251	0	T:109.0(11.03%),B:80.0(1.40%),P:1e-59	Tpos:256.3,Tstd:178.3,Bpos:207.7,Bstd:256.2,StrandBias:-0.0,Multiplicity:1.10
0.143	0.001	0.855	0.001
0.001	0.001	0.997	0.001
0.072	0.890	0.037	0.001
0.411	0.001	0.001	0.587
0.001	0.997	0.001	0.001
0.146	0.140	0.211	0.503
0.115	0.001	0.836	0.048
0.179	0.071	0.749	0.001
0.001	0.212	0.786	0.001
0.001	0.997	0.001	0.001
>CGCCCGCCAG	5-CGCCCGCCAG	8.939672	-134.561060	0	T:63.0(6.38%),B:18.3(0.32%),P:1e-58	Tpos:339.6,Tstd:248.4,Bpos:152.5,Bstd:149.4,StrandBias:0.2,Multiplicity:1.05
0.194	0.682	0.051	0.073
0.094	0.059	0.839	0.008
0.001	0.861	0.095	0.043
0.014	0.892	0.029	0.065
0.193	0.550	0.064	0.193
0.081	0.087	0.728	0.104
0.043	0.843	0.092	0.022
0.022	0.881	0.022	0.075
0.846	0.089	0.022	0.043
0.007	0.099	0.880	0.014
>CTGGCWGCCA	6-CTGGCWGCCA	7.513039	-119.521464	0	T:189.0(19.13%),B:304.7(5.32%),P:1e-51	Tpos:260.1,Tstd:189.3,Bpos:251.0,Bstd:348.3,StrandBias:0.0,Multiplicity:1.11
0.040	0.866	0.068	0.026
0.103	0.119	0.038	0.740
0.056	0.139	0.762	0.043
0.105	0.191	0.495	0.209
0.032	0.481	0.207	0.279
0.412	0.096	0.146	0.346
0.028	0.065	0.856	0.051
0.109	0.762	0.083	0.046
0.152	0.606	0.123	0.119
0.810	0.081	0.078	0.031
>GCCGCGAGGC	7-GCCGCGAGGC	9.835257	-116.468547	0	T:32.0(3.24%),B:2.2(0.04%),P:1e-50	Tpos:216.0,Tstd:133.1,Bpos:157.5,Bstd:173.7,StrandBias:1.1,Multiplicity:1.03
0.001	0.072	0.926	0.001
0.001	0.997	0.001	0.001
0.073	0.853	0.001	0.073
0.073	0.073	0.853	0.001
0.073	0.684	0.170	0.073
0.001	0.170	0.756	0.073
0.926	0.001	0.001	0.072
0.001	0.001	0.997	0.001
0.001	0.001	0.997	0.001
0.001	0.997	0.001	0.001
>CGGTGAGCGC	8-CGGTGAGCGC	7.574479	-116.313861	0	T:35.0(3.54%),B:4.0(0.07%),P:1e-50	Tpos:334.5,Tstd:221.7,Bpos:314.4,Bstd:115.9,StrandBias:-0.1,Multiplicity:1.20
0.083	0.634	0.141	0.142
0.100	0.092	0.706	0.102
0.045	0.281	0.629	0.045
0.132	0.181	0.203	0.484
0.060	0.155	0.760	0.025
0.555	0.148	0.184	0.113
0.065	0.055	0.840	0.040
0.045	0.744	0.086	0.125
0.101	0.135	0.694	0.070
0.086	0.750	0.134	0.030
>GCACGGGTCG	9-GCACGGGTCG	6.718206	-102.880142	0	T:29.0(2.94%),B:2.5(0.04%),P:1e-44	Tpos:403.2,Tstd:244.2,Bpos:326.6,Bstd:38.6,StrandBias:0.0,Multiplicity:1.04
0.094	0.129	0.677	0.100
0.113	0.669	0.133	0.085
0.495	0.212	0.166	0.127
0.124	0.604	0.182	0.090
0.130	0.136	0.600	0.134
0.110	0.117	0.674	0.099
0.112	0.178	0.587	0.123
0.122	0.203	0.180	0.495
0.101	0.607	0.175	0.117
0.126	0.127	0.594	0.153
>AGGGAGCTCS	10-AGGGAGCTCS	8.069255	-100.850181	0	T:154.0(15.59%),B:238.0(4.15%),P:1e-43	Tpos:264.7,Tstd:192.3,Bpos:245.9,Bstd:338.8,StrandBias:0.6,Multiplicity:1.07
0.876	0.001	0.055	0.068
0.207	0.001	0.791	0.001
0.216	0.001	0.782	0.001
0.073	0.125	0.801	0.001
0.888	0.048	0.024	0.040
0.001	0.001	0.997	0.001
0.001	0.997	0.001	0.001
0.048	0.323	0.120	0.509
0.073	0.789	0.125	0.013
0.038	0.402	0.384	0.175
>CGCGCCGCGG	11-CGCGCCGCGG	8.808591	-94.611313	0	T:32.0(3.24%),B:4.9(0.09%),P:1e-41	Tpos:392.4,Tstd:234.9,Bpos:222.7,Bstd:18.5,StrandBias:0.3,Multiplicity:1.13
0.070	0.688	0.190	0.052
0.017	0.070	0.826	0.087
0.035	0.931	0.017	0.017
0.035	0.052	0.861	0.052
0.001	0.947	0.051	0.001
0.093	0.820	0.017	0.070
0.155	0.070	0.723	0.052
0.052	0.861	0.070	0.017
0.111	0.157	0.610	0.122
0.017	0.070	0.861	0.052
>CGGCCCAACG	12-CGGCCCAACG	8.330543	-92.463197	0	T:23.0(2.33%),B:1.9(0.03%),P:1e-40	Tpos:354.1,Tstd:247.1,Bpos:381.3,Bstd:57.0,StrandBias:-0.8,Multiplicity:1.00
0.056	0.829	0.056	0.059
0.028	0.144	0.741	0.087
0.056	0.085	0.803	0.056
0.056	0.859	0.084	0.001
0.056	0.828	0.001	0.115
0.084	0.859	0.056	0.001
0.831	0.112	0.001	0.056
0.718	0.085	0.169	0.028
0.031	0.743	0.141	0.085
0.141	0.028	0.803	0.028
>ACGCCACCGT	13-ACGCCACCGT	6.739188	-89.606464	0	T:26.0(2.63%),B:2.9(0.05%),P:1e-38	Tpos:404.9,Tstd:236.4,Bpos:254.8,Bstd:125.3,StrandBias:0.2,Multiplicity:1.12
0.457	0.204	0.199	0.140
0.122	0.603	0.152	0.123
0.097	0.122	0.660	0.121
0.092	0.667	0.146	0.095
0.099	0.723	0.111	0.067
0.563	0.155	0.140	0.142
0.109	0.639	0.148	0.104
0.114	0.603	0.144	0.139
0.096	0.194	0.598	0.112
0.146	0.187	0.179	0.489
>TKBAAACAGC	14-TKBAAACAGC	7.805697	-84.235449	0	T:259.0(26.21%),B:658.7(11.49%),P:1e-36	Tpos:260.8,Tstd:186.4,Bpos:227.1,Bstd:266.4,StrandBias:-0.2,Multiplicity:1.23
0.352	0.001	0.001	0.646
0.200	0.060	0.350	0.390
0.116	0.255	0.316	0.313
0.864	0.001	0.134	0.001
0.719	0.279	0.001	0.001
0.883	0.115	0.001	0.001
0.001	0.795	0.203	0.001
0.971	0.001	0.001	0.027
0.001	0.001	0.997	0.001
0.001	0.561	0.177	0.261
>AATTATTCAC	15-AATTATTCAC	6.784037	-82.054267	0	T:209.0(21.15%),B:472.4(8.24%),P:1e-35	Tpos:277.9,Tstd:195.6,Bpos:246.6,Bstd:198.2,StrandBias:0.4,Multiplicity:1.21
0.656	0.219	0.001	0.124
0.760	0.124	0.044	0.072
0.287	0.017	0.001	0.695
0.259	0.111	0.182	0.448
0.606	0.001	0.173	0.220
0.168	0.245	0.122	0.464
0.096	0.001	0.001	0.902
0.274	0.429	0.163	0.134
0.997	0.001	0.001	0.001
0.026	0.605	0.169	0.200
>ACGGCGCCCT	16-ACGGCGCCCT	10.751941	-77.852762	0	T:20.0(2.02%),B:0.5(0.01%),P:1e-33	Tpos:222.5,Tstd:117.8,Bpos:152.0,Bstd:0.0,StrandBias:-0.4,Multiplicity:1.00
0.879	0.001	0.001	0.119
0.001	0.879	0.001	0.119
0.119	0.001	0.879	0.001
0.119	0.001	0.879	0.001
0.119	0.879	0.001	0.001
0.001	0.001	0.997	0.001
0.001	0.879	0.119	0.001
0.001	0.997	0.001	0.001
0.001	0.997	0.001	0.001
0.001	0.278	0.001	0.720
>GGCVGCTGGG	17-GGCVGCTGGG	8.078258	-76.661465	0	T:190.0(19.23%),B:420.9(7.34%),P:1e-33	Tpos:290.5,Tstd:207.3,Bpos:269.9,Bstd:323.5,StrandBias:-0.1,Multiplicity:1.20
0.015	0.015	0.909	0.061
0.015	0.068	0.916	0.001
0.196	0.743	0.060	0.001
0.282	0.384	0.316	0.019
0.144	0.044	0.572	0.240
0.015	0.969	0.015	0.001
0.001	0.014	0.001	0.984
0.001	0.001	0.997	0.001
0.001	0.034	0.964	0.001
0.030	0.142	0.705	0.123
>CTCCACGCTG	18-CTCCACGCTG	9.057721	-75.303355	0	T:58.0(5.87%),B:41.9(0.73%),P:1e-32	Tpos:330.8,Tstd:261.7,Bpos:221.6,Bstd:136.8,StrandBias:0.3,Multiplicity:1.04
0.001	0.956	0.001	0.042
0.042	0.001	0.001	0.956
0.001	0.956	0.042	0.001
0.042	0.956	0.001	0.001
0.856	0.100	0.001	0.043
0.073	0.810	0.116	0.001
0.109	0.001	0.766	0.124
0.001	0.956	0.042	0.001
0.043	0.043	0.043	0.871
0.001	0.001	0.956	0.042
>GGGGCGGGGC	19-GGGGCGGGGC	8.628847	-72.130635	0	T:146.0(14.78%),B:280.3(4.89%),P:1e-31	Tpos:339.5,Tstd:244.6,Bpos:258.4,Bstd:399.4,StrandBias:-0.0,Multiplicity:1.52
0.304	0.001	0.573	0.122
0.001	0.001	0.997	0.001
0.001	0.001	0.941	0.057
0.001	0.001	0.997	0.001
0.056	0.810	0.001	0.133
0.274	0.001	0.480	0.244
0.123	0.058	0.674	0.145
0.263	0.001	0.609	0.127
0.198	0.001	0.743	0.058
0.001	0.903	0.001	0.095
>GACGCCTCCT	20-GACGCCTCCT	8.224361	-71.857257	0	T:73.0(7.39%),B:74.8(1.31%),P:1e-31	Tpos:259.5,Tstd:182.5,Bpos:241.5,Bstd:226.4,StrandBias:-0.2,Multiplicity:1.08
0.050	0.085	0.807	0.058
0.571	0.227	0.114	0.088
0.091	0.716	0.042	0.151
0.184	0.061	0.699	0.056
0.023	0.853	0.089	0.035
0.031	0.934	0.023	0.012
0.100	0.069	0.046	0.785
0.069	0.786	0.144	0.001
0.023	0.946	0.012	0.019
0.035	0.023	0.035	0.907
>GCCCCTCGCG	21-GCCCCTCGCG	8.727652	-71.379205	0	T:24.0(2.43%),B:3.2(0.06%),P:1e-30	Tpos:320.3,Tstd:256.6,Bpos:177.2,Bstd:102.7,StrandBias:1.4,Multiplicity:1.08
0.072	0.047	0.834	0.047
0.023	0.883	0.047	0.047
0.023	0.806	0.070	0.101
0.023	0.851	0.025	0.101
0.023	0.899	0.001	0.077
0.023	0.095	0.093	0.789
0.046	0.738	0.215	0.001
0.124	0.131	0.668	0.077
0.002	0.881	0.070	0.047
0.070	0.167	0.662	0.101
>CTCCTAGAGC	22-CTCCTAGAGC	9.414618	-65.902611	0	T:49.0(4.96%),B:33.4(0.58%),P:1e-28	Tpos:253.1,Tstd:159.7,Bpos:235.1,Bstd:156.1,StrandBias:-0.4,Multiplicity:1.02
0.034	0.918	0.034	0.014
0.034	0.017	0.001	0.948
0.001	0.920	0.078	0.001
0.033	0.965	0.001	0.001
0.034	0.159	0.034	0.773
0.728	0.034	0.220	0.018
0.034	0.034	0.931	0.001
0.975	0.001	0.023	0.001
0.034	0.001	0.931	0.034
0.034	0.931	0.001	0.034
>TTCGCTTCCG	23-TTCGCTTCCG	9.214572	-59.083719	0	T:16.0(1.62%),B:0.9(0.02%),P:1e-25	Tpos:287.7,Tstd:143.6,Bpos:137.3,Bstd:41.8,StrandBias:0.4,Multiplicity:1.00
0.001	0.254	0.121	0.624
0.001	0.081	0.121	0.797
0.040	0.759	0.161	0.040
0.081	0.179	0.655	0.085
0.001	0.997	0.001	0.001
0.040	0.121	0.001	0.838
0.001	0.121	0.161	0.717
0.001	0.918	0.080	0.001
0.004	0.874	0.121	0.001
0.001	0.121	0.793	0.085
>GCTCAGCCAA	24-GCTCAGCCAA	6.797031	-55.063327	0	T:301.0(30.47%),B:986.2(17.20%),P:1e-23	Tpos:289.8,Tstd:220.7,Bpos:226.6,Bstd:387.8,StrandBias:-0.0,Multiplicity:1.24
0.098	0.087	0.773	0.042
0.072	0.842	0.036	0.050
0.066	0.104	0.049	0.781
0.057	0.779	0.111	0.053
0.895	0.023	0.038	0.044
0.039	0.079	0.829	0.053
0.068	0.793	0.072	0.067
0.114	0.755	0.065	0.066
0.828	0.054	0.052	0.066
0.728	0.110	0.071	0.091
>GCGCGGAATG	25-GCGCGGAATG	6.794061	-41.824866	0	T:16.0(1.62%),B:3.5(0.06%),P:1e-18	Tpos:325.7,Tstd:188.3,Bpos:319.5,Bstd:47.1,StrandBias:0.8,Multiplicity:1.19
0.096	0.155	0.646	0.103
0.123	0.605	0.140	0.132
0.107	0.179	0.607	0.107
0.129	0.633	0.118	0.120
0.127	0.117	0.638	0.118
0.103	0.135	0.669	0.093
0.527	0.200	0.184	0.089
0.503	0.212	0.167	0.118
0.162	0.134	0.177	0.527
0.096	0.150	0.646	0.108
