>GCGCTGCT	1-GCGCTGCT	5.349487	-149.133965	0	T:72.0(7.29%),B:22.5(0.39%),P:1e-64	Tpos:321.9,Tstd:200.6,Bpos:326.1,Bstd:313.3,StrandBias:0.3,Multiplicity:1.18
0.001	0.001	0.997	0.001
0.001	0.997	0.001	0.001
0.001	0.001	0.997	0.001
0.001	0.978	0.001	0.020
0.001	0.403	0.001	0.595
0.001	0.001	0.997	0.001
0.274	0.724	0.001	0.001
0.001	0.001	0.001	0.997
>GGGCGCTC	2-GGGCGCTC	9.429886	-143.525245	0	T:54.0(5.47%),B:9.2(0.16%),P:1e-62	Tpos:294.8,Tstd:192.3,Bpos:212.5,Bstd:164.2,StrandBias:-0.4,Multiplicity:1.09
0.001	0.001	0.721	0.277
0.001	0.277	0.721	0.001
0.001	0.001	0.997	0.001
0.001	0.997	0.001	0.001
0.001	0.001	0.997	0.001
0.001	0.997	0.001	0.001
0.001	0.001	0.001	0.997
0.032	0.966	0.001	0.001
>CAGGKGGC	3-CAGGKGGC	5.790273	-121.024659	0	T:298.0(30.16%),B:679.1(11.85%),P:1e-52	Tpos:282.6,Tstd:198.5,Bpos:236.2,Bstd:535.3,StrandBias:-0.1,Multiplicity:1.28
0.001	0.997	0.001	0.001
0.997	0.001	0.001	0.001
0.001	0.354	0.644	0.001
0.020	0.001	0.978	0.001
0.001	0.021	0.556	0.422
0.001	0.199	0.799	0.001
0.001	0.018	0.980	0.001
0.001	0.997	0.001	0.001
>CCGTCCCC	4-CCGTCCCC	7.581060	-109.614970	0	T:47.0(4.76%),B:11.2(0.20%),P:1e-47	Tpos:293.5,Tstd:223.2,Bpos:200.7,Bstd:109.8,StrandBias:-0.7,Multiplicity:1.07
0.001	0.838	0.160	0.001
0.001	0.997	0.001	0.001
0.001	0.001	0.997	0.001
0.001	0.001	0.001	0.997
0.001	0.997	0.001	0.001
0.111	0.887	0.001	0.001
0.214	0.784	0.001	0.001
0.001	0.997	0.001	0.001
>TGGCAGCC	5-TGGCAGCC	5.985560	-107.087368	0	T:381.0(38.56%),B:1080.5(18.85%),P:1e-46	Tpos:290.1,Tstd:220.1,Bpos:245.8,Bstd:417.1,StrandBias:-0.0,Multiplicity:1.37
0.134	0.204	0.195	0.466
0.001	0.138	0.837	0.024
0.001	0.230	0.572	0.197
0.001	0.894	0.001	0.104
0.433	0.201	0.175	0.191
0.085	0.228	0.686	0.001
0.219	0.662	0.118	0.001
0.139	0.538	0.069	0.254
>CCACGGTG	6-CCACGGTG	6.668651	-92.734991	0	T:46.0(4.66%),B:15.3(0.27%),P:1e-40	Tpos:329.0,Tstd:253.8,Bpos:298.0,Bstd:88.8,StrandBias:-0.0,Multiplicity:1.14
0.230	0.768	0.001	0.001
0.001	0.975	0.023	0.001
0.975	0.001	0.023	0.001
0.001	0.997	0.001	0.001
0.001	0.292	0.706	0.001
0.001	0.001	0.997	0.001
0.001	0.001	0.001	0.997
0.001	0.001	0.997	0.001
>CTGGCTCT	7-CTGGCTCT	6.602765	-87.830854	0	T:133.0(13.46%),B:203.1(3.54%),P:1e-38	Tpos:290.0,Tstd:205.5,Bpos:245.1,Bstd:374.2,StrandBias:-0.2,Multiplicity:1.11
0.001	0.997	0.001	0.001
0.001	0.001	0.244	0.754
0.001	0.043	0.955	0.001
0.001	0.001	0.997	0.001
0.001	0.997	0.001	0.001
0.001	0.001	0.049	0.949
0.001	0.997	0.001	0.001
0.001	0.001	0.001	0.997
>TCCGCCAG	8-TCCGCCAG	8.669680	-86.731055	0	T:56.0(5.67%),B:31.0(0.54%),P:1e-37	Tpos:370.6,Tstd:238.7,Bpos:248.2,Bstd:151.4,StrandBias:0.0,Multiplicity:1.08
0.001	0.189	0.001	0.809
0.001	0.997	0.001	0.001
0.001	0.997	0.001	0.001
0.001	0.001	0.997	0.001
0.001	0.860	0.138	0.001
0.001	0.997	0.001	0.001
0.997	0.001	0.001	0.001
0.001	0.190	0.808	0.001
>CGGTGCCA	9-CGGTGCCA	7.399744	-83.075026	0	T:183.0(18.52%),B:375.2(6.54%),P:1e-36	Tpos:278.0,Tstd:203.2,Bpos:243.0,Bstd:299.7,StrandBias:-0.2,Multiplicity:1.16
0.044	0.875	0.001	0.080
0.121	0.197	0.417	0.265
0.013	0.019	0.943	0.025
0.118	0.001	0.015	0.866
0.001	0.001	0.997	0.001
0.004	0.960	0.014	0.022
0.038	0.960	0.001	0.001
0.997	0.001	0.001	0.001
>CATTARGC	10-CATTARGC	5.907999	-79.577779	0	T:424.0(42.91%),B:1426.0(24.87%),P:1e-34	Tpos:270.7,Tstd:204.5,Bpos:228.7,Bstd:280.2,StrandBias:-0.0,Multiplicity:1.30
0.121	0.784	0.094	0.001
0.822	0.001	0.001	0.176
0.054	0.255	0.066	0.625
0.001	0.001	0.001	0.997
0.756	0.163	0.001	0.080
0.527	0.001	0.422	0.050
0.220	0.192	0.559	0.029
0.001	0.997	0.001	0.001
>AACGGGCT	11-AACGGGCT	6.497194	-78.648692	0	T:241.0(24.39%),B:608.7(10.62%),P:1e-34	Tpos:287.1,Tstd:201.2,Bpos:252.3,Bstd:317.6,StrandBias:-0.0,Multiplicity:1.18
0.753	0.069	0.177	0.001
0.791	0.032	0.073	0.104
0.189	0.809	0.001	0.001
0.127	0.079	0.793	0.001
0.007	0.001	0.977	0.015
0.012	0.361	0.542	0.085
0.001	0.997	0.001	0.001
0.089	0.071	0.018	0.822
>AGCCCTGC	12-AGCCCTGC	6.804709	-75.444484	0	T:411.0(41.60%),B:1387.0(24.19%),P:1e-32	Tpos:304.4,Tstd:219.7,Bpos:217.1,Bstd:482.2,StrandBias:0.0,Multiplicity:1.50
0.582	0.001	0.295	0.122
0.095	0.068	0.836	0.001
0.050	0.948	0.001	0.001
0.001	0.846	0.051	0.102
0.001	0.930	0.001	0.068
0.123	0.232	0.001	0.644
0.103	0.001	0.895	0.001
0.098	0.900	0.001	0.001
>GCCCAGGC	13-GCCCAGGC	6.786046	-74.132667	0	T:363.0(36.74%),B:1163.3(20.29%),P:1e-32	Tpos:296.6,Tstd:233.6,Bpos:237.0,Bstd:376.4,StrandBias:-0.2,Multiplicity:1.39
0.076	0.001	0.922	0.001
0.001	0.576	0.202	0.221
0.070	0.872	0.001	0.057
0.151	0.828	0.020	0.001
0.832	0.069	0.020	0.079
0.169	0.001	0.829	0.001
0.116	0.001	0.754	0.129
0.001	0.565	0.038	0.396
>GCAGGCTC	14-GCAGGCTC	9.599646	-62.950692	0	T:71.0(7.19%),B:81.9(1.43%),P:1e-27	Tpos:284.3,Tstd:190.6,Bpos:223.1,Bstd:347.0,StrandBias:0.5,Multiplicity:1.06
0.001	0.001	0.997	0.001
0.001	0.997	0.001	0.001
0.768	0.230	0.001	0.001
0.001	0.001	0.997	0.001
0.001	0.001	0.997	0.001
0.001	0.997	0.001	0.001
0.001	0.001	0.001	0.997
0.001	0.997	0.001	0.001
>CTGTTTAC	15-CTGTTTAC	7.237120	-56.636342	0	T:224.0(22.67%),B:635.5(11.08%),P:1e-24	Tpos:303.4,Tstd:205.3,Bpos:243.1,Bstd:316.8,StrandBias:-0.0,Multiplicity:1.17
0.048	0.824	0.127	0.001
0.001	0.001	0.025	0.973
0.041	0.001	0.957	0.001
0.078	0.001	0.067	0.854
0.001	0.001	0.032	0.966
0.021	0.001	0.033	0.945
0.746	0.001	0.252	0.001
0.103	0.816	0.001	0.080
>GCAGCCGT	16-GCAGCCGT	8.236954	-56.091248	0	T:23.0(2.33%),B:5.4(0.09%),P:1e-24	Tpos:326.2,Tstd:145.0,Bpos:347.9,Bstd:85.1,StrandBias:0.2,Multiplicity:1.00
0.100	0.100	0.700	0.100
0.100	0.700	0.100	0.100
0.700	0.100	0.100	0.100
0.100	0.100	0.700	0.100
0.100	0.700	0.100	0.100
0.100	0.700	0.100	0.100
0.100	0.100	0.700	0.100
0.100	0.100	0.100	0.700
>GCCGCATT	17-GCCGCATT	5.710991	-55.863297	0	T:178.0(18.02%),B:451.8(7.88%),P:1e-24	Tpos:297.1,Tstd:220.1,Bpos:228.7,Bstd:415.9,StrandBias:-0.3,Multiplicity:1.15
0.022	0.031	0.890	0.057
0.072	0.546	0.381	0.001
0.158	0.502	0.181	0.159
0.286	0.001	0.533	0.180
0.228	0.492	0.111	0.169
0.678	0.249	0.072	0.001
0.017	0.094	0.327	0.562
0.121	0.026	0.252	0.601
>CGTGAAGC	18-CGTGAAGC	6.028794	-53.935127	0	T:201.0(20.34%),B:552.7(9.64%),P:1e-23	Tpos:292.1,Tstd:195.2,Bpos:228.5,Bstd:363.1,StrandBias:-0.3,Multiplicity:1.24
0.087	0.826	0.057	0.030
0.035	0.114	0.772	0.079
0.130	0.201	0.069	0.600
0.034	0.123	0.791	0.052
0.615	0.189	0.116	0.080
0.779	0.071	0.099	0.051
0.037	0.062	0.836	0.065
0.045	0.785	0.093	0.077
>WGCTYRGM	19-WGCTYRGM	5.085138	-52.691443	0	T:376.0(38.06%),B:1364.6(23.80%),P:1e-22	Tpos:289.7,Tstd:208.3,Bpos:239.7,Bstd:426.7,StrandBias:-0.0,Multiplicity:1.30
0.463	0.147	0.046	0.344
0.347	0.009	0.618	0.026
0.285	0.681	0.012	0.022
0.219	0.055	0.102	0.624
0.064	0.399	0.122	0.415
0.307	0.262	0.414	0.017
0.013	0.213	0.515	0.259
0.507	0.389	0.019	0.085
>GCGGCCTG	20-GCGGCCTG	8.236954	-52.526643	0	T:19.0(1.92%),B:3.6(0.06%),P:1e-22	Tpos:364.9,Tstd:211.1,Bpos:338.9,Bstd:56.3,StrandBias:-0.2,Multiplicity:1.00
0.100	0.100	0.700	0.100
0.100	0.700	0.100	0.100
0.100	0.100	0.700	0.100
0.100	0.100	0.700	0.100
0.100	0.700	0.100	0.100
0.100	0.700	0.100	0.100
0.100	0.100	0.100	0.700
0.100	0.100	0.700	0.100
>GCGTGTTC	21-GCGTGTTC	9.464872	-52.526643	0	T:19.0(1.92%),B:3.1(0.05%),P:1e-22	Tpos:220.3,Tstd:130.6,Bpos:142.3,Bstd:71.9,StrandBias:-0.2,Multiplicity:1.00
0.001	0.001	0.997	0.001
0.001	0.997	0.001	0.001
0.001	0.001	0.997	0.001
0.001	0.001	0.001	0.997
0.001	0.001	0.997	0.001
0.201	0.001	0.001	0.797
0.001	0.001	0.001	0.997
0.001	0.997	0.001	0.001
>CGCGAGTT	22-CGCGAGTT	7.228383	-51.631362	0	T:26.0(2.63%),B:10.0(0.17%),P:1e-22	Tpos:273.9,Tstd:159.1,Bpos:194.0,Bstd:89.8,StrandBias:0.6,Multiplicity:1.00
0.271	0.667	0.001	0.061
0.001	0.001	0.997	0.001
0.001	0.997	0.001	0.001
0.001	0.001	0.997	0.001
0.997	0.001	0.001	0.001
0.001	0.001	0.919	0.079
0.001	0.001	0.001	0.997
0.001	0.001	0.001	0.997
>GCGCGGGT	23-GCGCGGGT	9.143155	-49.722180	0	T:44.0(4.45%),B:38.2(0.67%),P:1e-21	Tpos:334.3,Tstd:217.7,Bpos:193.4,Bstd:220.5,StrandBias:-0.2,Multiplicity:1.23
0.001	0.024	0.974	0.001
0.001	0.997	0.001	0.001
0.228	0.001	0.770	0.001
0.001	0.997	0.001	0.001
0.001	0.001	0.997	0.001
0.057	0.001	0.941	0.001
0.001	0.001	0.997	0.001
0.001	0.307	0.001	0.691
>CCGCAGCA	24-CCGCAGCA	8.236954	-49.521676	0	T:21.0(2.13%),B:5.8(0.10%),P:1e-21	Tpos:327.3,Tstd:193.7,Bpos:368.5,Bstd:98.2,StrandBias:-0.5,Multiplicity:1.06
0.100	0.700	0.100	0.100
0.100	0.700	0.100	0.100
0.100	0.100	0.700	0.100
0.100	0.700	0.100	0.100
0.700	0.100	0.100	0.100
0.100	0.100	0.700	0.100
0.100	0.700	0.100	0.100
0.700	0.100	0.100	0.100
>AGCGGTGC	25-AGCGGTGC	8.236954	-40.604343	0	T:17.0(1.72%),B:4.2(0.07%),P:1e-17	Tpos:263.3,Tstd:193.9,Bpos:255.0,Bstd:112.0,StrandBias:0.2,Multiplicity:1.00
0.700	0.100	0.100	0.100
0.100	0.100	0.700	0.100
0.100	0.700	0.100	0.100
0.100	0.100	0.700	0.100
0.100	0.100	0.700	0.100
0.100	0.100	0.100	0.700
0.100	0.100	0.700	0.100
0.100	0.700	0.100	0.100
