>TAAGAGAGAATC	1-TAAGAGAGAATC	10.851449	-16.125240	0	T:7.0(4.43%),B:32.9(0.23%),P:1e-7	Tpos:68.1,Tstd:51.6,Bpos:168.9,Bstd:73.4,StrandBias:2.6,Multiplicity:1.00
0.001	0.001	0.001	0.997
0.643	0.001	0.355	0.001
0.838	0.001	0.160	0.001
0.001	0.001	0.997	0.001
0.677	0.001	0.001	0.321
0.001	0.001	0.677	0.321
0.997	0.001	0.001	0.001
0.322	0.001	0.516	0.161
0.677	0.161	0.161	0.001
0.677	0.161	0.001	0.161
0.001	0.001	0.001	0.997
0.001	0.997	0.001	0.001
>TCWATTCCMACA	2-TCWATTCCMACA	7.157815	-12.556468	0	T:33.0(20.89%),B:1257.4(8.94%),P:1e-5	Tpos:166.5,Tstd:117.2,Bpos:135.8,Bstd:94.6,StrandBias:0.1,Multiplicity:1.18
0.095	0.191	0.032	0.682
0.089	0.719	0.064	0.128
0.416	0.065	0.001	0.518
0.744	0.001	0.192	0.063
0.160	0.032	0.160	0.648
0.001	0.001	0.382	0.616
0.064	0.673	0.120	0.143
0.312	0.686	0.001	0.001
0.440	0.448	0.001	0.111
0.760	0.160	0.001	0.079
0.064	0.750	0.064	0.122
0.809	0.063	0.001	0.127
>GCCGCAGASMGC	3-GCCGCAGASMGC	10.913865	-10.890080	0	T:5.0(3.16%),B:28.7(0.20%),P:1e-4	Tpos:102.0,Tstd:75.6,Bpos:146.3,Bstd:97.4,StrandBias:-1.0,Multiplicity:1.20
0.001	0.174	0.824	0.001
0.001	0.859	0.139	0.001
0.001	0.982	0.001	0.016
0.140	0.006	0.853	0.001
0.001	0.997	0.001	0.001
0.662	0.184	0.001	0.153
0.001	0.001	0.825	0.173
0.651	0.174	0.001	0.174
0.001	0.492	0.495	0.012
0.454	0.527	0.018	0.001
0.001	0.034	0.964	0.001
0.025	0.839	0.135	0.001
>TATTATAATAAT	4-TATTATAATAAT	13.245200	-8.368020	0	T:4.0(2.53%),B:26.9(0.19%),P:1e-3	Tpos:120.8,Tstd:110.3,Bpos:134.1,Bstd:67.4,StrandBias:1.6,Multiplicity:1.00
0.105	0.001	0.001	0.893
0.993	0.005	0.001	0.001
0.001	0.001	0.001	0.997
0.322	0.001	0.001	0.676
0.929	0.001	0.001	0.069
0.105	0.001	0.001	0.893
0.772	0.001	0.001	0.226
0.997	0.001	0.001	0.001
0.070	0.001	0.105	0.824
0.909	0.001	0.001	0.089
0.488	0.106	0.300	0.106
0.168	0.006	0.001	0.825
>TGGCCAAGAGGC	5-TGGCCAAGAGGC	12.823152	-6.138899	0	T:2.0(1.27%),B:6.8(0.05%),P:1e-2	Tpos:133.1,Tstd:52.8,Bpos:164.2,Bstd:68.7,StrandBias:2.6,Multiplicity:3.50
0.001	0.001	0.001	0.997
0.001	0.001	0.997	0.001
0.312	0.009	0.678	0.001
0.001	0.997	0.001	0.001
0.054	0.624	0.001	0.321
0.622	0.001	0.376	0.001
0.687	0.001	0.311	0.001
0.001	0.053	0.945	0.001
0.997	0.001	0.001	0.001
0.311	0.001	0.687	0.001
0.001	0.001	0.997	0.001
0.311	0.687	0.001	0.001
