>CTTAGGTTCC	1-CTTAGGTTCC	7.231912	-22.693911	0	T:27.0(17.09%),B:552.7(3.93%),P:1e-9	Tpos:172.8,Tstd:134.4,Bpos:144.8,Bstd:92.9,StrandBias:0.7,Multiplicity:1.07
0.194	0.527	0.278	0.001
0.083	0.097	0.001	0.819
0.065	0.053	0.058	0.824
0.853	0.001	0.001	0.145
0.194	0.001	0.708	0.097
0.001	0.058	0.811	0.130
0.096	0.001	0.001	0.902
0.097	0.001	0.075	0.827
0.075	0.871	0.001	0.053
0.075	0.869	0.001	0.055
>CTGCCTCTTC	2-CTGCCTCTTC	10.752683	-15.457295	0	T:12.0(7.59%),B:152.5(1.08%),P:1e-6	Tpos:146.4,Tstd:119.5,Bpos:128.4,Bstd:81.1,StrandBias:-0.2,Multiplicity:1.08
0.001	0.997	0.001	0.001
0.001	0.001	0.001	0.997
0.001	0.001	0.652	0.346
0.148	0.850	0.001	0.001
0.001	0.997	0.001	0.001
0.001	0.001	0.001	0.997
0.191	0.696	0.001	0.112
0.001	0.001	0.001	0.997
0.001	0.001	0.050	0.948
0.148	0.850	0.001	0.001
>CTCAAACCCA	3-CTCAAACCCA	7.638785	-14.157060	0	T:27.0(17.09%),B:835.2(5.94%),P:1e-6	Tpos:163.3,Tstd:135.7,Bpos:137.1,Bstd:80.3,StrandBias:-0.5,Multiplicity:1.07
0.150	0.730	0.066	0.054
0.001	0.132	0.001	0.866
0.045	0.766	0.105	0.084
0.820	0.109	0.001	0.070
0.870	0.039	0.086	0.005
0.679	0.095	0.091	0.135
0.047	0.715	0.121	0.117
0.001	0.753	0.001	0.245
0.001	0.995	0.001	0.003
0.822	0.047	0.084	0.047
>CTGGCTGAGA	4-CTGGCTGAGA	10.598327	-7.792114	0	T:7.0(4.43%),B:118.1(0.84%),P:1e-3	Tpos:126.3,Tstd:109.8,Bpos:142.9,Bstd:68.4,StrandBias:1.6,Multiplicity:1.71
0.001	0.997	0.001	0.001
0.001	0.001	0.001	0.997
0.001	0.001	0.877	0.121
0.001	0.125	0.873	0.001
0.001	0.997	0.001	0.001
0.001	0.156	0.001	0.842
0.001	0.075	0.923	0.001
0.916	0.001	0.082	0.001
0.001	0.101	0.897	0.001
0.881	0.001	0.001	0.117
>RTGTGTGTKT	5-RTGTGTGTKT	8.683238	-7.721514	0	T:20.0(12.66%),B:772.2(5.49%),P:1e-3	Tpos:201.3,Tstd:131.0,Bpos:131.6,Bstd:79.0,StrandBias:0.5,Multiplicity:1.10
0.401	0.105	0.421	0.073
0.001	0.001	0.118	0.880
0.001	0.001	0.922	0.076
0.001	0.001	0.001	0.997
0.001	0.001	0.882	0.116
0.001	0.266	0.001	0.732
0.179	0.001	0.516	0.304
0.001	0.001	0.001	0.997
0.064	0.001	0.474	0.460
0.001	0.001	0.105	0.893
