>AGAGGAAG	1-AGAGGAAG	8.366783	-14.951855	0	T:22.0(13.92%),B:555.6(3.95%),P:1e-6	Tpos:164.9,Tstd:144.7,Bpos:136.4,Bstd:90.8,StrandBias:0.6,Multiplicity:1.05
0.997	0.001	0.001	0.001
0.001	0.001	0.997	0.001
0.904	0.094	0.001	0.001
0.001	0.001	0.997	0.001
0.001	0.001	0.997	0.001
0.711	0.001	0.001	0.287
0.997	0.001	0.001	0.001
0.001	0.001	0.997	0.001
>TTCCGAAG	2-TTCCGAAG	8.511576	-14.844955	0	T:16.0(10.13%),B:301.6(2.14%),P:1e-6	Tpos:186.0,Tstd:165.3,Bpos:139.2,Bstd:92.7,StrandBias:0.4,Multiplicity:1.00
0.001	0.074	0.166	0.759
0.001	0.001	0.001	0.997
0.001	0.997	0.001	0.001
0.001	0.850	0.112	0.037
0.025	0.303	0.671	0.001
0.997	0.001	0.001	0.001
0.811	0.001	0.187	0.001
0.001	0.001	0.997	0.001
>CATTTAAT	3-CATTTAAT	10.943269	-11.023757	0	T:12.0(7.59%),B:235.4(1.67%),P:1e-4	Tpos:158.8,Tstd:113.6,Bpos:132.9,Bstd:115.9,StrandBias:0.0,Multiplicity:1.00
0.001	0.997	0.001	0.001
0.997	0.001	0.001	0.001
0.001	0.001	0.001	0.997
0.001	0.001	0.056	0.942
0.001	0.001	0.001	0.997
0.960	0.001	0.038	0.001
0.969	0.029	0.001	0.001
0.001	0.001	0.001	0.997
>TGTGAGAA	4-TGTGAGAA	6.656832	-7.374235	0	T:42.0(26.58%),B:2281.6(16.21%),P:1e-3	Tpos:187.1,Tstd:152.7,Bpos:138.1,Bstd:92.4,StrandBias:1.0,Multiplicity:1.29
0.040	0.100	0.019	0.841
0.001	0.036	0.935	0.028
0.110	0.001	0.055	0.834
0.001	0.001	0.923	0.075
0.646	0.001	0.352	0.001
0.010	0.001	0.942	0.047
0.948	0.001	0.001	0.050
0.925	0.040	0.001	0.034
>GACAATGT	5-GACAATGT	4.942288	-7.109924	0	T:56.0(35.44%),B:3377.9(24.00%),P:1e-3	Tpos:177.0,Tstd:134.1,Bpos:136.8,Bstd:94.2,StrandBias:0.0,Multiplicity:1.50
0.066	0.101	0.722	0.111
0.786	0.059	0.086	0.069
0.071	0.741	0.080	0.108
0.837	0.055	0.049	0.059
0.741	0.072	0.097	0.090
0.065	0.121	0.111	0.703
0.081	0.043	0.792	0.084
0.085	0.119	0.101	0.695
