>CTTAGGTTCC	1-CTTAGGTTCC	7.231912	-22.693911	0	T:27.0(17.09%),B:552.7(3.93%),P:1e-9	Tpos:172.8,Tstd:134.4,Bpos:144.8,Bstd:92.9,StrandBias:0.7,Multiplicity:1.07
0.194	0.527	0.278	0.001
0.083	0.097	0.001	0.819
0.065	0.053	0.058	0.824
0.853	0.001	0.001	0.145
0.194	0.001	0.708	0.097
0.001	0.058	0.811	0.130
0.096	0.001	0.001	0.902
0.097	0.001	0.075	0.827
0.075	0.871	0.001	0.053
0.075	0.869	0.001	0.055
>CTGCCTCTTC	2-CTGCCTCTTC	10.752683	-15.457295	0	T:12.0(7.59%),B:152.5(1.08%),P:1e-6	Tpos:146.4,Tstd:119.5,Bpos:128.4,Bstd:81.1,StrandBias:-0.2,Multiplicity:1.08
0.001	0.997	0.001	0.001
0.001	0.001	0.001	0.997
0.001	0.001	0.652	0.346
0.148	0.850	0.001	0.001
0.001	0.997	0.001	0.001
0.001	0.001	0.001	0.997
0.191	0.696	0.001	0.112
0.001	0.001	0.001	0.997
0.001	0.001	0.050	0.948
0.148	0.850	0.001	0.001
>CTCAAACCCA	3-CTCAAACCCA	7.638785	-14.157060	0	T:27.0(17.09%),B:835.2(5.94%),P:1e-6	Tpos:163.3,Tstd:135.7,Bpos:137.1,Bstd:80.3,StrandBias:-0.5,Multiplicity:1.07
0.150	0.730	0.066	0.054
0.001	0.132	0.001	0.866
0.045	0.766	0.105	0.084
0.820	0.109	0.001	0.070
0.870	0.039	0.086	0.005
0.679	0.095	0.091	0.135
0.047	0.715	0.121	0.117
0.001	0.753	0.001	0.245
0.001	0.995	0.001	0.003
0.822	0.047	0.084	0.047
>CTGGCTGAGA	4-CTGGCTGAGA	10.598327	-7.792114	0	T:7.0(4.43%),B:118.1(0.84%),P:1e-3	Tpos:126.3,Tstd:109.8,Bpos:142.9,Bstd:68.4,StrandBias:1.6,Multiplicity:1.71
0.001	0.997	0.001	0.001
0.001	0.001	0.001	0.997
0.001	0.001	0.877	0.121
0.001	0.125	0.873	0.001
0.001	0.997	0.001	0.001
0.001	0.156	0.001	0.842
0.001	0.075	0.923	0.001
0.916	0.001	0.082	0.001
0.001	0.101	0.897	0.001
0.881	0.001	0.001	0.117
>RTGTGTGTKT	5-RTGTGTGTKT	8.683238	-7.721514	0	T:20.0(12.66%),B:772.2(5.49%),P:1e-3	Tpos:201.3,Tstd:131.0,Bpos:131.6,Bstd:79.0,StrandBias:0.5,Multiplicity:1.10
0.401	0.105	0.421	0.073
0.001	0.001	0.118	0.880
0.001	0.001	0.922	0.076
0.001	0.001	0.001	0.997
0.001	0.001	0.882	0.116
0.001	0.266	0.001	0.732
0.179	0.001	0.516	0.304
0.001	0.001	0.001	0.997
0.064	0.001	0.474	0.460
0.001	0.001	0.105	0.893
>TAAGAGAGAATC	1-TAAGAGAGAATC	10.851449	-16.125240	0	T:7.0(4.43%),B:32.9(0.23%),P:1e-7	Tpos:68.1,Tstd:51.6,Bpos:168.9,Bstd:73.4,StrandBias:2.6,Multiplicity:1.00
0.001	0.001	0.001	0.997
0.643	0.001	0.355	0.001
0.838	0.001	0.160	0.001
0.001	0.001	0.997	0.001
0.677	0.001	0.001	0.321
0.001	0.001	0.677	0.321
0.997	0.001	0.001	0.001
0.322	0.001	0.516	0.161
0.677	0.161	0.161	0.001
0.677	0.161	0.001	0.161
0.001	0.001	0.001	0.997
0.001	0.997	0.001	0.001
>TCWATTCCMACA	2-TCWATTCCMACA	7.157815	-12.556468	0	T:33.0(20.89%),B:1257.4(8.94%),P:1e-5	Tpos:166.5,Tstd:117.2,Bpos:135.8,Bstd:94.6,StrandBias:0.1,Multiplicity:1.18
0.095	0.191	0.032	0.682
0.089	0.719	0.064	0.128
0.416	0.065	0.001	0.518
0.744	0.001	0.192	0.063
0.160	0.032	0.160	0.648
0.001	0.001	0.382	0.616
0.064	0.673	0.120	0.143
0.312	0.686	0.001	0.001
0.440	0.448	0.001	0.111
0.760	0.160	0.001	0.079
0.064	0.750	0.064	0.122
0.809	0.063	0.001	0.127
>GCCGCAGASMGC	3-GCCGCAGASMGC	10.913865	-10.890080	0	T:5.0(3.16%),B:28.7(0.20%),P:1e-4	Tpos:102.0,Tstd:75.6,Bpos:146.3,Bstd:97.4,StrandBias:-1.0,Multiplicity:1.20
0.001	0.174	0.824	0.001
0.001	0.859	0.139	0.001
0.001	0.982	0.001	0.016
0.140	0.006	0.853	0.001
0.001	0.997	0.001	0.001
0.662	0.184	0.001	0.153
0.001	0.001	0.825	0.173
0.651	0.174	0.001	0.174
0.001	0.492	0.495	0.012
0.454	0.527	0.018	0.001
0.001	0.034	0.964	0.001
0.025	0.839	0.135	0.001
>TATTATAATAAT	4-TATTATAATAAT	13.245200	-8.368020	0	T:4.0(2.53%),B:26.9(0.19%),P:1e-3	Tpos:120.8,Tstd:110.3,Bpos:134.1,Bstd:67.4,StrandBias:1.6,Multiplicity:1.00
0.105	0.001	0.001	0.893
0.993	0.005	0.001	0.001
0.001	0.001	0.001	0.997
0.322	0.001	0.001	0.676
0.929	0.001	0.001	0.069
0.105	0.001	0.001	0.893
0.772	0.001	0.001	0.226
0.997	0.001	0.001	0.001
0.070	0.001	0.105	0.824
0.909	0.001	0.001	0.089
0.488	0.106	0.300	0.106
0.168	0.006	0.001	0.825
>TGGCCAAGAGGC	5-TGGCCAAGAGGC	12.823152	-6.138899	0	T:2.0(1.27%),B:6.8(0.05%),P:1e-2	Tpos:133.1,Tstd:52.8,Bpos:164.2,Bstd:68.7,StrandBias:2.6,Multiplicity:3.50
0.001	0.001	0.001	0.997
0.001	0.001	0.997	0.001
0.312	0.009	0.678	0.001
0.001	0.997	0.001	0.001
0.054	0.624	0.001	0.321
0.622	0.001	0.376	0.001
0.687	0.001	0.311	0.001
0.001	0.053	0.945	0.001
0.997	0.001	0.001	0.001
0.311	0.001	0.687	0.001
0.001	0.001	0.997	0.001
0.311	0.687	0.001	0.001
>AGAGGAAG	1-AGAGGAAG	8.366783	-14.951855	0	T:22.0(13.92%),B:555.6(3.95%),P:1e-6	Tpos:164.9,Tstd:144.7,Bpos:136.4,Bstd:90.8,StrandBias:0.6,Multiplicity:1.05
0.997	0.001	0.001	0.001
0.001	0.001	0.997	0.001
0.904	0.094	0.001	0.001
0.001	0.001	0.997	0.001
0.001	0.001	0.997	0.001
0.711	0.001	0.001	0.287
0.997	0.001	0.001	0.001
0.001	0.001	0.997	0.001
>TTCCGAAG	2-TTCCGAAG	8.511576	-14.844955	0	T:16.0(10.13%),B:301.6(2.14%),P:1e-6	Tpos:186.0,Tstd:165.3,Bpos:139.2,Bstd:92.7,StrandBias:0.4,Multiplicity:1.00
0.001	0.074	0.166	0.759
0.001	0.001	0.001	0.997
0.001	0.997	0.001	0.001
0.001	0.850	0.112	0.037
0.025	0.303	0.671	0.001
0.997	0.001	0.001	0.001
0.811	0.001	0.187	0.001
0.001	0.001	0.997	0.001
>CATTTAAT	3-CATTTAAT	10.943269	-11.023757	0	T:12.0(7.59%),B:235.4(1.67%),P:1e-4	Tpos:158.8,Tstd:113.6,Bpos:132.9,Bstd:115.9,StrandBias:0.0,Multiplicity:1.00
0.001	0.997	0.001	0.001
0.997	0.001	0.001	0.001
0.001	0.001	0.001	0.997
0.001	0.001	0.056	0.942
0.001	0.001	0.001	0.997
0.960	0.001	0.038	0.001
0.969	0.029	0.001	0.001
0.001	0.001	0.001	0.997
>TGTGAGAA	4-TGTGAGAA	6.656832	-7.374235	0	T:42.0(26.58%),B:2281.6(16.21%),P:1e-3	Tpos:187.1,Tstd:152.7,Bpos:138.1,Bstd:92.4,StrandBias:1.0,Multiplicity:1.29
0.040	0.100	0.019	0.841
0.001	0.036	0.935	0.028
0.110	0.001	0.055	0.834
0.001	0.001	0.923	0.075
0.646	0.001	0.352	0.001
0.010	0.001	0.942	0.047
0.948	0.001	0.001	0.050
0.925	0.040	0.001	0.034
>GACAATGT	5-GACAATGT	4.942288	-7.109924	0	T:56.0(35.44%),B:3377.9(24.00%),P:1e-3	Tpos:177.0,Tstd:134.1,Bpos:136.8,Bstd:94.2,StrandBias:0.0,Multiplicity:1.50
0.066	0.101	0.722	0.111
0.786	0.059	0.086	0.069
0.071	0.741	0.080	0.108
0.837	0.055	0.049	0.059
0.741	0.072	0.097	0.090
0.065	0.121	0.111	0.703
0.081	0.043	0.792	0.084
0.085	0.119	0.101	0.695
