>GCGACTGCGCGA	13-TCGCGCAGTCGC	8.437122	-71.379205	0	T:24.0(2.43%),B:3.8(0.07%),P:1e-30
0.042	0.112	0.818	0.028
0.126	0.690	0.112	0.072
0.112	0.098	0.692	0.098
0.716	0.100	0.128	0.056
0.042	0.859	0.098	0.001
0.042	0.028	0.058	0.872
0.014	0.070	0.902	0.014
0.224	0.592	0.112	0.072
0.030	0.084	0.788	0.098
0.112	0.662	0.086	0.140
0.112	0.154	0.650	0.084
0.760	0.028	0.140	0.072
