>CGCCGCCCGCGC	8-CGCCGCCCGCGC,BestGuess:PB0010.1_Egr1_1/Jaspar(0.797)	9.038433	-102.424754	0	T:25.0(2.53%),B:1.9(0.03%),P:1e-44
0.100	0.656	0.130	0.114
0.107	0.156	0.609	0.128
0.052	0.805	0.095	0.048
0.160	0.610	0.102	0.128
0.121	0.114	0.616	0.149
0.055	0.750	0.108	0.087
0.052	0.825	0.065	0.058
0.147	0.606	0.110	0.137
0.109	0.197	0.571	0.123
0.108	0.627	0.157	0.108
0.112	0.171	0.579	0.138
0.050	0.748	0.120	0.082
