>MCGCGCTCACCS	23-MCGCGCTCACCS	7.294023	-45.873506	0	T:28.0(2.83%),B:14.1(0.25%),P:1e-19
0.382	0.245	0.221	0.152
0.153	0.548	0.174	0.125
0.134	0.155	0.567	0.144
0.121	0.594	0.148	0.137
0.124	0.156	0.569	0.151
0.072	0.730	0.113	0.085
0.118	0.133	0.088	0.661
0.072	0.701	0.146	0.081
0.607	0.150	0.097	0.146
0.086	0.661	0.161	0.092
0.139	0.618	0.090	0.153
0.197	0.228	0.365	0.210
