>GCGCGGGCGGCG	8-CGCCGCCCGCGC	9.038433	-102.424754	0	T:25.0(2.53%),B:1.9(0.03%),P:1e-44
0.082	0.120	0.748	0.050
0.138	0.579	0.171	0.112
0.108	0.157	0.627	0.108
0.123	0.571	0.197	0.109
0.137	0.110	0.606	0.147
0.058	0.065	0.825	0.052
0.087	0.108	0.750	0.055
0.149	0.616	0.114	0.121
0.128	0.102	0.610	0.160
0.048	0.095	0.805	0.052
0.128	0.609	0.156	0.107
0.114	0.130	0.656	0.100
