>TTCGCGCGCTCC	16-TTCGCGCGCTCC	7.887912	-61.062299	0	T:23.0(2.33%),B:4.3(0.07%),P:1e-26
0.059	0.169	0.097	0.675
0.045	0.182	0.164	0.609
0.070	0.604	0.178	0.148
0.121	0.185	0.563	0.131
0.106	0.666	0.118	0.110
0.110	0.188	0.578	0.124
0.135	0.577	0.144	0.144
0.097	0.149	0.632	0.122
0.043	0.815	0.072	0.070
0.070	0.081	0.081	0.768
0.029	0.762	0.139	0.070
0.081	0.751	0.058	0.110
