>GGTTGCTAAGGC	18-GCCTTAGCAACC	8.217268	-55.874245	0	T:60.0(6.07%),B:65.0(1.13%),P:1e-24
0.049	0.062	0.758	0.131
0.062	0.118	0.658	0.162
0.062	0.104	0.090	0.744
0.055	0.021	0.124	0.800
0.021	0.110	0.772	0.097
0.069	0.800	0.055	0.076
0.083	0.145	0.055	0.717
0.679	0.110	0.104	0.107
0.761	0.014	0.076	0.149
0.055	0.041	0.835	0.069
0.083	0.090	0.730	0.097
0.104	0.751	0.083	0.062
