>AGGCCTCGGTTT	14-AGGCCTCGGTTT,BestGuess:ZFX(Zf)/mES-Zfx-ChIP-Seq(GSE11431)/Homer(0.774)	8.372406	-64.481885	0	T:84.0(8.50%),B:111.4(1.94%),P:1e-28
0.753	0.090	0.060	0.097
0.113	0.015	0.812	0.060
0.052	0.068	0.850	0.030
0.083	0.812	0.030	0.075
0.030	0.842	0.015	0.113
0.090	0.105	0.052	0.753
0.045	0.522	0.210	0.223
0.121	0.043	0.659	0.177
0.073	0.095	0.727	0.105
0.045	0.116	0.058	0.781
0.022	0.127	0.085	0.766
0.105	0.090	0.077	0.728
