>GCCTTAGCAACC	18-GCCTTAGCAACC,BestGuess:PB0055.1_Rfx4_1/Jaspar(0.818)	8.217268	-55.874245	0	T:60.0(6.07%),B:65.0(1.13%),P:1e-24
0.062	0.083	0.751	0.104
0.097	0.730	0.090	0.083
0.069	0.835	0.041	0.055
0.149	0.076	0.014	0.761
0.107	0.104	0.110	0.679
0.717	0.055	0.145	0.083
0.076	0.055	0.800	0.069
0.097	0.772	0.110	0.021
0.800	0.124	0.021	0.055
0.744	0.090	0.104	0.062
0.162	0.658	0.118	0.062
0.131	0.758	0.062	0.049
