>NNCCARGCAGSC	5-NNCCARGCAGSC	6.941622	-120.985362	0	T:183.0(18.52%),B:283.5(4.95%),P:1e-52
0.267	0.317	0.189	0.226
0.205	0.214	0.334	0.246
0.046	0.616	0.307	0.031
0.233	0.574	0.022	0.171
0.400	0.244	0.138	0.218
0.312	0.088	0.435	0.165
0.107	0.296	0.575	0.022
0.165	0.680	0.032	0.123
0.601	0.022	0.024	0.353
0.027	0.132	0.733	0.108
0.031	0.505	0.433	0.031
0.287	0.542	0.122	0.049
