>NSCCCCGCCCBN	10-NSCCCCGCCCBN	7.638911	-82.676074	0	T:21.0(2.13%),B:0.0(0.00%),P:1e-35
0.192	0.280	0.238	0.291
0.182	0.281	0.344	0.193
0.141	0.564	0.160	0.135
0.157	0.547	0.178	0.118
0.107	0.620	0.161	0.112
0.094	0.636	0.176	0.094
0.097	0.133	0.661	0.109
0.115	0.643	0.149	0.093
0.123	0.577	0.166	0.134
0.145	0.511	0.209	0.135
0.199	0.351	0.221	0.229
0.256	0.283	0.301	0.160
