>GTCTGCTTTGTA	17-GTCTGCTTTGTA,BestGuess:ZNF317/MA1593.1/Jaspar(0.695)	8.174728	-57.266106	0	T:121.0(12.25%),B:238.0(4.15%),P:1e-24
0.001	0.056	0.795	0.148
0.028	0.141	0.028	0.803
0.001	0.717	0.141	0.141
0.055	0.001	0.001	0.943
0.028	0.084	0.887	0.001
0.001	0.831	0.084	0.084
0.001	0.028	0.028	0.943
0.001	0.084	0.112	0.803
0.028	0.001	0.028	0.943
0.028	0.113	0.824	0.035
0.056	0.197	0.056	0.691
0.831	0.028	0.085	0.056
