>GGGGCCGTCAGC	15-GCTGACGGCCCC	7.946660	-61.491752	0	T:88.0(8.91%),B:127.9(2.23%),P:1e-26
0.076	0.034	0.766	0.124
0.062	0.082	0.793	0.063
0.117	0.096	0.683	0.104
0.089	0.048	0.787	0.076
0.083	0.745	0.096	0.076
0.172	0.594	0.055	0.179
0.124	0.124	0.670	0.082
0.083	0.104	0.158	0.655
0.014	0.787	0.137	0.062
0.800	0.055	0.069	0.076
0.028	0.069	0.882	0.021
0.055	0.842	0.062	0.041
