>CAGCTGCCARGC	6-CAGCTGCCARGC,BestGuess:BHLHE22(var.2)/MA1635.1/Jaspar(0.765)	9.222979	-102.880142	0	T:29.0(2.94%),B:2.5(0.04%),P:1e-44
0.160	0.629	0.124	0.087
0.677	0.009	0.102	0.212
0.087	0.074	0.743	0.096
0.077	0.664	0.148	0.111
0.248	0.047	0.078	0.627
0.001	0.190	0.706	0.103
0.123	0.544	0.238	0.095
0.029	0.674	0.144	0.153
0.507	0.263	0.088	0.142
0.493	0.084	0.407	0.016
0.016	0.217	0.703	0.064
0.191	0.452	0.144	0.214
