>TACAAAGCAGAC	17-GTCTGCTTTGTA	8.174728	-57.266106	0	T:121.0(12.25%),B:238.0(4.15%),P:1e-24
0.056	0.085	0.028	0.831
0.691	0.056	0.197	0.056
0.035	0.824	0.113	0.028
0.943	0.028	0.001	0.028
0.803	0.112	0.084	0.001
0.943	0.028	0.028	0.001
0.084	0.084	0.831	0.001
0.001	0.887	0.084	0.028
0.943	0.001	0.001	0.055
0.141	0.141	0.717	0.001
0.803	0.028	0.141	0.028
0.148	0.795	0.056	0.001
