>TGGCACGGTGCC	7-TGGCACGGTGCC	6.516046	-102.719015	0	T:385.0(38.97%),B:1118.7(19.51%),P:1e-44
0.132	0.006	0.138	0.724
0.034	0.011	0.915	0.040
0.035	0.090	0.840	0.035
0.057	0.885	0.057	0.001
0.660	0.115	0.035	0.190
0.138	0.488	0.202	0.173
0.223	0.121	0.472	0.184
0.069	0.230	0.661	0.040
0.270	0.040	0.092	0.598
0.011	0.075	0.834	0.080
0.058	0.827	0.081	0.034
0.029	0.916	0.011	0.044
