>CCTTGGGGACAG	25-CCTTGGGGACAG	10.076455	-40.604343	0	T:17.0(1.72%),B:4.7(0.08%),P:1e-17
0.071	0.775	0.083	0.071
0.083	0.774	0.042	0.101
0.065	0.196	0.059	0.680
0.071	0.059	0.083	0.787
0.101	0.077	0.745	0.077
0.083	0.077	0.727	0.113
0.154	0.059	0.710	0.077
0.101	0.120	0.708	0.071
0.738	0.101	0.072	0.089
0.113	0.738	0.107	0.042
0.827	0.036	0.036	0.101
0.059	0.107	0.798	0.036
