>AAACCGAGGCCT	14-AGGCCTCGGTTT	8.372406	-64.481885	0	T:84.0(8.50%),B:111.4(1.94%),P:1e-28
0.728	0.077	0.090	0.105
0.766	0.085	0.127	0.022
0.781	0.058	0.116	0.045
0.105	0.727	0.095	0.073
0.177	0.659	0.043	0.121
0.223	0.210	0.522	0.045
0.753	0.052	0.105	0.090
0.113	0.015	0.842	0.030
0.075	0.030	0.812	0.083
0.030	0.850	0.068	0.052
0.060	0.812	0.015	0.113
0.097	0.060	0.090	0.753
