>CACAGCTGTGCC	20-CACAGCTGTGCC,BestGuess:Ptf1a(var.2)/MA1619.1/Jaspar(0.802)	8.678512	-52.377458	0	T:95.0(9.62%),B:167.6(2.92%),P:1e-22
0.096	0.827	0.002	0.075
0.812	0.075	0.038	0.075
0.056	0.868	0.075	0.001
0.868	0.038	0.019	0.075
0.038	0.145	0.779	0.038
0.019	0.885	0.040	0.056
0.150	0.075	0.001	0.774
0.038	0.126	0.761	0.075
0.056	0.019	0.038	0.887
0.001	0.037	0.925	0.037
0.094	0.793	0.038	0.075
0.075	0.831	0.019	0.075
