>GGCACAGCTGTG	20-CACAGCTGTGCC	8.678512	-52.377458	0	T:95.0(9.62%),B:167.6(2.92%),P:1e-22
0.075	0.019	0.831	0.075
0.075	0.038	0.793	0.094
0.037	0.925	0.037	0.001
0.887	0.038	0.019	0.056
0.075	0.761	0.126	0.038
0.774	0.001	0.075	0.150
0.056	0.040	0.885	0.019
0.038	0.779	0.145	0.038
0.075	0.019	0.038	0.868
0.001	0.075	0.868	0.056
0.075	0.038	0.075	0.812
0.075	0.002	0.827	0.096
