>CCYRGCCTGGCC	4-GGCCAGGCYRGG	9.832004	-132.800442	0	T:77.0(7.79%),B:34.3(0.60%),P:1e-57
0.078	0.804	0.020	0.098
0.077	0.747	0.001	0.175
0.196	0.351	0.001	0.452
0.394	0.019	0.469	0.117
0.077	0.001	0.864	0.058
0.039	0.862	0.098	0.001
0.001	0.940	0.001	0.058
0.214	0.001	0.001	0.784
0.001	0.019	0.882	0.098
0.020	0.158	0.783	0.039
0.078	0.609	0.312	0.001
0.097	0.766	0.020	0.117
