>CCGGGACCGC	1-CCGGGACCGC	8.399856	-1379.644001	0	T:345.0(28.23%),B:6.2(0.23%),P:1e-599	Tpos:586.5,Tstd:342.7,Bpos:404.7,Bstd:582.4,StrandBias:0.1,Multiplicity:1.60
0.011	0.902	0.068	0.019
0.020	0.829	0.117	0.034
0.045	0.053	0.863	0.039
0.023	0.155	0.794	0.028
0.073	0.164	0.736	0.027
0.536	0.102	0.271	0.091
0.032	0.836	0.102	0.030
0.031	0.880	0.073	0.016
0.031	0.118	0.831	0.020
0.023	0.795	0.154	0.028
>GCCCGCCCGA	2-GCCCGCCCGA	8.350283	-1035.681234	0	T:200.0(16.37%),B:1.8(0.07%),P:1e-449	Tpos:575.6,Tstd:340.6,Bpos:460.3,Bstd:84.3,StrandBias:0.3,Multiplicity:1.24
0.100	0.100	0.700	0.100
0.100	0.700	0.100	0.100
0.100	0.700	0.100	0.100
0.100	0.700	0.100	0.100
0.100	0.100	0.700	0.100
0.100	0.700	0.100	0.100
0.100	0.700	0.100	0.100
0.100	0.700	0.100	0.100
0.100	0.100	0.700	0.100
0.700	0.100	0.100	0.100
>CGCGGGCCTC	3-CGCGGGCCTC	8.607706	-915.282920	0	T:242.0(19.80%),B:5.8(0.22%),P:1e-397	Tpos:608.5,Tstd:349.3,Bpos:636.0,Bstd:188.0,StrandBias:-0.3,Multiplicity:1.26
0.043	0.837	0.082	0.038
0.029	0.209	0.701	0.061
0.025	0.859	0.085	0.031
0.066	0.104	0.759	0.071
0.054	0.111	0.813	0.022
0.034	0.110	0.806	0.050
0.034	0.793	0.133	0.040
0.025	0.879	0.059	0.037
0.101	0.151	0.068	0.680
0.018	0.871	0.074	0.037
>AGCGCCGCGC	4-AGCGCCGCGC	9.678023	-878.009481	0	T:224.0(18.33%),B:4.3(0.16%),P:1e-381	Tpos:608.5,Tstd:352.6,Bpos:0.0,Bstd:0.0,StrandBias:0.1,Multiplicity:1.40
0.710	0.001	0.288	0.001
0.001	0.001	0.997	0.001
0.001	0.997	0.001	0.001
0.001	0.086	0.912	0.001
0.001	0.852	0.146	0.001
0.087	0.536	0.298	0.079
0.001	0.001	0.997	0.001
0.001	0.997	0.001	0.001
0.001	0.001	0.997	0.001
0.001	0.904	0.094	0.001
>CCTTCCGGCG	5-CCTTCCGGCG	8.940132	-765.790695	0	T:176.0(14.40%),B:2.5(0.09%),P:1e-332	Tpos:566.7,Tstd:342.8,Bpos:339.4,Bstd:112.4,StrandBias:-0.1,Multiplicity:1.15
0.048	0.840	0.095	0.017
0.009	0.943	0.022	0.026
0.021	0.099	0.062	0.818
0.024	0.277	0.108	0.591
0.004	0.928	0.047	0.021
0.032	0.896	0.045	0.027
0.080	0.127	0.695	0.098
0.014	0.131	0.840	0.015
0.077	0.811	0.083	0.029
0.030	0.192	0.637	0.141
>GAGCGGAGCT	6-GAGCGGAGCT	9.997361	-736.997009	0	T:151.0(12.36%),B:1.9(0.07%),P:1e-320	Tpos:561.6,Tstd:387.0,Bpos:598.3,Bstd:152.2,StrandBias:0.1,Multiplicity:1.14
0.044	0.081	0.844	0.031
0.525	0.120	0.297	0.058
0.016	0.030	0.920	0.034
0.053	0.890	0.032	0.025
0.045	0.101	0.807	0.047
0.018	0.103	0.869	0.010
0.612	0.084	0.249	0.055
0.021	0.013	0.952	0.014
0.024	0.866	0.081	0.029
0.044	0.183	0.059	0.714
>GCTACGGCGC	7-GCTACGGCGC	8.350283	-713.354819	0	T:147.0(12.03%),B:1.4(0.05%),P:1e-309	Tpos:526.7,Tstd:331.9,Bpos:288.5,Bstd:103.5,StrandBias:0.1,Multiplicity:1.12
0.100	0.100	0.700	0.100
0.100	0.700	0.100	0.100
0.100	0.100	0.100	0.700
0.700	0.100	0.100	0.100
0.100	0.700	0.100	0.100
0.100	0.100	0.700	0.100
0.100	0.100	0.700	0.100
0.100	0.700	0.100	0.100
0.100	0.100	0.700	0.100
0.100	0.700	0.100	0.100
>CCGGAGCGGG	8-CCGGAGCGGG	9.540652	-706.058556	0	T:198.0(16.20%),B:5.6(0.21%),P:1e-306	Tpos:569.4,Tstd:335.0,Bpos:393.2,Bstd:153.2,StrandBias:-0.2,Multiplicity:1.18
0.001	0.896	0.102	0.001
0.032	0.775	0.161	0.032
0.001	0.102	0.896	0.001
0.001	0.069	0.929	0.001
0.949	0.049	0.001	0.001
0.001	0.001	0.997	0.001
0.001	0.997	0.001	0.001
0.114	0.137	0.668	0.081
0.001	0.113	0.885	0.001
0.001	0.001	0.997	0.001
>GTGGACGGCG	9-GTGGACGGCG	8.350283	-689.835989	0	T:143.0(11.70%),B:1.8(0.07%),P:1e-299	Tpos:510.4,Tstd:332.7,Bpos:288.1,Bstd:100.5,StrandBias:0.0,Multiplicity:1.09
0.100	0.100	0.700	0.100
0.100	0.100	0.100	0.700
0.100	0.100	0.700	0.100
0.100	0.100	0.700	0.100
0.700	0.100	0.100	0.100
0.100	0.700	0.100	0.100
0.100	0.100	0.700	0.100
0.100	0.100	0.700	0.100
0.100	0.700	0.100	0.100
0.100	0.100	0.700	0.100
>CAGCCGCCGA	10-CAGCCGCCGA	8.350283	-677.198869	0	T:213.0(17.43%),B:8.1(0.31%),P:1e-294	Tpos:583.1,Tstd:349.2,Bpos:211.3,Bstd:191.2,StrandBias:-0.5,Multiplicity:1.17
0.100	0.700	0.100	0.100
0.700	0.100	0.100	0.100
0.100	0.100	0.700	0.100
0.100	0.700	0.100	0.100
0.100	0.700	0.100	0.100
0.100	0.100	0.700	0.100
0.100	0.700	0.100	0.100
0.100	0.700	0.100	0.100
0.100	0.100	0.700	0.100
0.700	0.100	0.100	0.100
>CGGTACCGTC	11-CGGTACCGTC	7.137135	-675.498981	0	T:321.0(26.27%),B:38.0(1.44%),P:1e-293	Tpos:531.9,Tstd:352.0,Bpos:322.0,Bstd:304.5,StrandBias:0.1,Multiplicity:1.23
0.051	0.857	0.061	0.031
0.062	0.035	0.832	0.071
0.023	0.087	0.875	0.015
0.058	0.115	0.134	0.693
0.600	0.193	0.102	0.105
0.022	0.877	0.075	0.026
0.061	0.882	0.026	0.031
0.050	0.143	0.749	0.058
0.022	0.159	0.109	0.710
0.015	0.929	0.041	0.015
>GCGCCCGGGT	12-GCGCCCGGGT	8.350283	-661.745715	0	T:203.0(16.61%),B:7.8(0.29%),P:1e-287	Tpos:557.1,Tstd:366.8,Bpos:353.5,Bstd:327.2,StrandBias:-0.0,Multiplicity:1.14
0.100	0.100	0.700	0.100
0.100	0.700	0.100	0.100
0.100	0.100	0.700	0.100
0.100	0.700	0.100	0.100
0.100	0.700	0.100	0.100
0.100	0.700	0.100	0.100
0.100	0.100	0.700	0.100
0.100	0.100	0.700	0.100
0.100	0.100	0.700	0.100
0.100	0.100	0.100	0.700
>GCACGGTGCG	13-GCACGGTGCG	8.560570	-643.180459	0	T:135.0(11.05%),B:0.7(0.03%),P:1e-279	Tpos:582.8,Tstd:385.8,Bpos:138.2,Bstd:28.6,StrandBias:0.0,Multiplicity:1.11
0.013	0.067	0.899	0.021
0.022	0.874	0.068	0.036
0.652	0.156	0.132	0.060
0.042	0.791	0.132	0.035
0.066	0.106	0.756	0.072
0.022	0.128	0.830	0.020
0.098	0.086	0.157	0.659
0.011	0.072	0.906	0.011
0.042	0.853	0.071	0.034
0.085	0.086	0.781	0.048
>CCGRGGGGGC	14-CCGRGGGGGC	7.065521	-638.190722	0	T:246.0(20.13%),B:17.5(0.66%),P:1e-277	Tpos:556.3,Tstd:363.2,Bpos:438.4,Bstd:128.4,StrandBias:-0.1,Multiplicity:1.27
0.085	0.619	0.211	0.085
0.123	0.552	0.213	0.112
0.086	0.214	0.614	0.086
0.403	0.233	0.261	0.103
0.109	0.138	0.678	0.075
0.111	0.165	0.649	0.075
0.128	0.189	0.593	0.090
0.116	0.166	0.622	0.096
0.091	0.187	0.641	0.081
0.099	0.630	0.196	0.075
>TCCTCGCCGC	15-TCCTCGCCGC	9.664352	-637.969477	0	T:152.0(12.44%),B:2.3(0.09%),P:1e-277	Tpos:587.7,Tstd:344.0,Bpos:231.8,Bstd:114.1,StrandBias:-0.2,Multiplicity:1.09
0.001	0.028	0.123	0.848
0.001	0.997	0.001	0.001
0.001	0.997	0.001	0.001
0.001	0.028	0.272	0.699
0.001	0.988	0.010	0.001
0.001	0.152	0.799	0.048
0.001	0.528	0.152	0.319
0.011	0.977	0.011	0.001
0.001	0.123	0.848	0.028
0.001	0.997	0.001	0.001
>AGGCCGTGCG	16-AGGCCGTGCG	8.350283	-622.284165	0	T:149.0(12.19%),B:2.1(0.08%),P:1e-270	Tpos:556.7,Tstd:349.7,Bpos:542.8,Bstd:93.6,StrandBias:-0.3,Multiplicity:1.16
0.700	0.100	0.100	0.100
0.100	0.100	0.700	0.100
0.100	0.100	0.700	0.100
0.100	0.700	0.100	0.100
0.100	0.700	0.100	0.100
0.100	0.100	0.700	0.100
0.100	0.100	0.100	0.700
0.100	0.100	0.700	0.100
0.100	0.700	0.100	0.100
0.100	0.100	0.700	0.100
>AGCCGGCGCA	17-AGCCGGCGCA	8.271891	-592.816608	0	T:277.0(22.67%),B:32.0(1.21%),P:1e-257	Tpos:584.9,Tstd:356.2,Bpos:228.8,Bstd:575.9,StrandBias:-0.3,Multiplicity:1.25
0.668	0.206	0.078	0.048
0.015	0.048	0.923	0.014
0.016	0.833	0.130	0.021
0.155	0.732	0.061	0.052
0.041	0.090	0.740	0.129
0.020	0.086	0.883	0.011
0.090	0.804	0.067	0.039
0.017	0.052	0.890	0.041
0.023	0.866	0.101	0.010
0.664	0.123	0.142	0.071
>TGGCCGCGCT	18-TGGCCGCGCT	9.164371	-576.971590	0	T:189.0(15.47%),B:8.8(0.33%),P:1e-250	Tpos:580.0,Tstd:399.3,Bpos:369.3,Bstd:145.6,StrandBias:-0.2,Multiplicity:1.15
0.059	0.048	0.095	0.798
0.004	0.004	0.988	0.004
0.004	0.038	0.930	0.028
0.004	0.944	0.048	0.004
0.028	0.739	0.162	0.071
0.004	0.028	0.940	0.028
0.070	0.901	0.001	0.028
0.001	0.001	0.971	0.027
0.004	0.967	0.028	0.001
0.001	0.082	0.059	0.858
>GCGTAATCGC	19-GCGTAATCGC	6.404373	-529.346024	0	T:322.0(26.35%),B:62.1(2.34%),P:1e-229	Tpos:565.2,Tstd:399.2,Bpos:494.6,Bstd:293.1,StrandBias:-0.0,Multiplicity:1.28
0.100	0.100	0.700	0.100
0.100	0.700	0.100	0.100
0.100	0.100	0.700	0.100
0.100	0.100	0.100	0.700
0.700	0.100	0.100	0.100
0.700	0.100	0.100	0.100
0.100	0.100	0.100	0.700
0.100	0.700	0.100	0.100
0.100	0.100	0.700	0.100
0.100	0.700	0.100	0.100
>GCGCGACAGG	20-GCGCGACAGG	8.350283	-489.357065	0	T:123.0(10.07%),B:2.2(0.08%),P:1e-212	Tpos:550.7,Tstd:332.5,Bpos:608.7,Bstd:57.6,StrandBias:0.1,Multiplicity:1.09
0.100	0.100	0.700	0.100
0.100	0.700	0.100	0.100
0.100	0.100	0.700	0.100
0.100	0.700	0.100	0.100
0.100	0.100	0.700	0.100
0.700	0.100	0.100	0.100
0.100	0.700	0.100	0.100
0.700	0.100	0.100	0.100
0.100	0.100	0.700	0.100
0.100	0.100	0.700	0.100
>GCGCTTCGGC	21-GCGCTTCGGC	8.350283	-482.669079	0	T:148.0(12.11%),B:5.6(0.21%),P:1e-209	Tpos:587.7,Tstd:340.2,Bpos:423.8,Bstd:171.3,StrandBias:-0.1,Multiplicity:1.14
0.100	0.100	0.700	0.100
0.100	0.700	0.100	0.100
0.100	0.100	0.700	0.100
0.100	0.700	0.100	0.100
0.100	0.100	0.100	0.700
0.100	0.100	0.100	0.700
0.100	0.700	0.100	0.100
0.100	0.100	0.700	0.100
0.100	0.100	0.700	0.100
0.100	0.700	0.100	0.100
>GGYTGGCGGG	22-GGYTGGCGGG	9.559277	-440.267719	0	T:99.0(8.10%),B:0.7(0.03%),P:1e-191	Tpos:588.5,Tstd:335.8,Bpos:191.9,Bstd:97.1,StrandBias:-0.6,Multiplicity:1.13
0.035	0.052	0.834	0.079
0.028	0.101	0.846	0.025
0.098	0.326	0.135	0.440
0.091	0.054	0.135	0.720
0.021	0.078	0.854	0.047
0.010	0.127	0.844	0.019
0.018	0.921	0.016	0.045
0.028	0.064	0.855	0.053
0.028	0.049	0.888	0.035
0.064	0.120	0.799	0.017
>GTTGCGGCGG	23-GTTGCGGCGG	8.350283	-425.806534	0	T:160.0(13.09%),B:10.5(0.40%),P:1e-184	Tpos:567.5,Tstd:332.5,Bpos:421.3,Bstd:152.4,StrandBias:0.1,Multiplicity:1.10
0.100	0.100	0.700	0.100
0.100	0.100	0.100	0.700
0.100	0.100	0.100	0.700
0.100	0.100	0.700	0.100
0.100	0.700	0.100	0.100
0.100	0.100	0.700	0.100
0.100	0.100	0.700	0.100
0.100	0.700	0.100	0.100
0.100	0.100	0.700	0.100
0.100	0.100	0.700	0.100
>CCCGCTGRCG	24-CCCGCTGRCG	9.521510	-423.943579	0	T:96.0(7.86%),B:0.4(0.01%),P:1e-184	Tpos:609.8,Tstd:321.2,Bpos:771.0,Bstd:0.0,StrandBias:0.4,Multiplicity:1.10
0.001	0.803	0.195	0.001
0.060	0.568	0.371	0.001
0.001	0.978	0.004	0.017
0.004	0.001	0.991	0.004
0.021	0.837	0.141	0.001
0.178	0.166	0.059	0.597
0.001	0.340	0.658	0.001
0.412	0.060	0.389	0.138
0.010	0.806	0.021	0.163
0.004	0.025	0.970	0.001
>ACCGGGGGGC	25-ACCGGGGGGC	8.350283	-415.385743	0	T:138.0(11.29%),B:6.4(0.24%),P:1e-180	Tpos:602.8,Tstd:379.5,Bpos:509.5,Bstd:79.7,StrandBias:0.4,Multiplicity:1.11
0.700	0.100	0.100	0.100
0.100	0.700	0.100	0.100
0.100	0.700	0.100	0.100
0.100	0.100	0.700	0.100
0.100	0.100	0.700	0.100
0.100	0.100	0.700	0.100
0.100	0.100	0.700	0.100
0.100	0.100	0.700	0.100
0.100	0.100	0.700	0.100
0.100	0.700	0.100	0.100
>TCGGCGCGCTTC	1-TCGGCGCGCTTC	8.007679	-1130.130767	0	T:215.0(17.59%),B:0.8(0.03%),P:1e-490	Tpos:607.2,Tstd:369.0,Bpos:634.9,Bstd:136.7,StrandBias:-0.1,Multiplicity:1.19
0.082	0.191	0.183	0.544
0.060	0.709	0.138	0.093
0.085	0.159	0.624	0.132
0.047	0.176	0.703	0.074
0.103	0.694	0.114	0.089
0.062	0.168	0.661	0.109
0.096	0.695	0.124	0.085
0.085	0.163	0.646	0.106
0.037	0.781	0.118	0.064
0.079	0.180	0.110	0.631
0.045	0.209	0.217	0.529
0.043	0.784	0.102	0.071
>GGGCCACGCCCC	2-GGGCCACGCCCC	2.433444	-1017.665089	0	T:406.0(33.22%),B:33.1(1.25%),P:1e-441	Tpos:548.9,Tstd:357.9,Bpos:243.9,Bstd:484.2,StrandBias:-0.1,Multiplicity:1.34
0.300	0.001	0.698	0.001
0.001	0.001	0.997	0.001
0.001	0.001	0.997	0.001
0.001	0.997	0.001	0.001
0.001	0.997	0.001	0.001
0.718	0.119	0.162	0.001
0.001	0.997	0.001	0.001
0.001	0.001	0.997	0.001
0.001	0.997	0.001	0.001
0.001	0.997	0.001	0.001
0.001	0.997	0.001	0.001
0.001	0.997	0.001	0.001
>CGTAGCGGGCGG	3-CGTAGCGGGCGG	8.463612	-1014.998491	0	T:251.0(20.54%),B:4.7(0.18%),P:1e-440	Tpos:578.5,Tstd:344.3,Bpos:494.6,Bstd:137.5,StrandBias:-0.0,Multiplicity:1.17
0.100	0.700	0.100	0.100
0.100	0.100	0.700	0.100
0.100	0.100	0.100	0.700
0.700	0.100	0.100	0.100
0.100	0.100	0.700	0.100
0.100	0.700	0.100	0.100
0.100	0.100	0.700	0.100
0.100	0.100	0.700	0.100
0.100	0.100	0.700	0.100
0.100	0.700	0.100	0.100
0.100	0.100	0.700	0.100
0.100	0.100	0.700	0.100
>SGGGCGGGGCYC	4-SGGGCGGGGCYC	10.134064	-992.059471	0	T:193.0(15.79%),B:0.0(0.00%),P:1e-430	Tpos:550.5,Tstd:355.4,Bpos:0.0,Bstd:0.0,StrandBias:-0.1,Multiplicity:1.18
0.078	0.465	0.444	0.014
0.038	0.183	0.744	0.035
0.273	0.188	0.492	0.047
0.001	0.192	0.799	0.008
0.093	0.845	0.037	0.025
0.067	0.227	0.623	0.083
0.050	0.166	0.757	0.027
0.073	0.081	0.838	0.008
0.020	0.106	0.849	0.025
0.025	0.950	0.023	0.002
0.029	0.355	0.141	0.475
0.030	0.598	0.280	0.092
>AACCCGCGCGGC	5-AACCCGCGCGGC	8.463612	-958.943188	0	T:211.0(17.27%),B:2.3(0.09%),P:1e-416	Tpos:585.9,Tstd:382.2,Bpos:619.8,Bstd:92.0,StrandBias:-0.1,Multiplicity:1.22
0.700	0.100	0.100	0.100
0.700	0.100	0.100	0.100
0.100	0.700	0.100	0.100
0.100	0.700	0.100	0.100
0.100	0.700	0.100	0.100
0.100	0.100	0.700	0.100
0.100	0.700	0.100	0.100
0.100	0.100	0.700	0.100
0.100	0.700	0.100	0.100
0.100	0.100	0.700	0.100
0.100	0.100	0.700	0.100
0.100	0.700	0.100	0.100
>CGGGCGGGCTRC	6-CGGGCGGGCTRC	9.091182	-946.092740	0	T:274.0(22.42%),B:8.4(0.32%),P:1e-410	Tpos:592.9,Tstd:366.5,Bpos:353.6,Bstd:73.9,StrandBias:-0.1,Multiplicity:1.31
0.027	0.813	0.133	0.027
0.041	0.027	0.891	0.041
0.031	0.027	0.901	0.041
0.014	0.082	0.863	0.041
0.013	0.973	0.001	0.013
0.041	0.027	0.850	0.082
0.027	0.086	0.873	0.014
0.027	0.014	0.945	0.014
0.001	0.959	0.013	0.027
0.027	0.082	0.270	0.621
0.409	0.217	0.333	0.041
0.013	0.912	0.074	0.001
>GAGCCGGTGCGC	7-GAGCCGGTGCGC	9.195160	-914.140222	0	T:203.0(16.61%),B:2.1(0.08%),P:1e-397	Tpos:563.9,Tstd:320.4,Bpos:282.4,Bstd:149.5,StrandBias:-0.0,Multiplicity:1.18
0.038	0.112	0.823	0.027
0.651	0.139	0.155	0.055
0.028	0.079	0.859	0.034
0.035	0.797	0.138	0.030
0.075	0.711	0.133	0.081
0.068	0.105	0.749	0.078
0.028	0.167	0.782	0.023
0.150	0.187	0.196	0.467
0.026	0.089	0.848	0.037
0.076	0.769	0.102	0.053
0.039	0.118	0.775	0.068
0.042	0.771	0.147	0.040
>NNCGGCGTCCSB	8-NNCGGCGTCCSB	6.265933	-875.201047	0	T:174.0(14.24%),B:0.4(0.01%),P:1e-380	Tpos:552.4,Tstd:316.1,Bpos:275.0,Bstd:0.0,StrandBias:0.1,Multiplicity:1.11
0.211	0.297	0.294	0.198
0.316	0.266	0.204	0.214
0.125	0.637	0.103	0.135
0.128	0.160	0.608	0.104
0.121	0.135	0.606	0.138
0.139	0.605	0.139	0.117
0.138	0.092	0.641	0.129
0.136	0.150	0.124	0.590
0.135	0.535	0.167	0.163
0.151	0.539	0.167	0.143
0.184	0.360	0.248	0.208
0.175	0.270	0.332	0.223
>CGCGCAGGGCTC	9-CGCGCAGGGCTC	8.463612	-861.360881	0	T:309.0(25.29%),B:18.9(0.71%),P:1e-374	Tpos:569.4,Tstd:369.2,Bpos:467.8,Bstd:354.3,StrandBias:-0.2,Multiplicity:1.24
0.100	0.700	0.100	0.100
0.100	0.100	0.700	0.100
0.100	0.700	0.100	0.100
0.100	0.100	0.700	0.100
0.100	0.700	0.100	0.100
0.700	0.100	0.100	0.100
0.100	0.100	0.700	0.100
0.100	0.100	0.700	0.100
0.100	0.100	0.700	0.100
0.100	0.700	0.100	0.100
0.100	0.100	0.100	0.700
0.100	0.700	0.100	0.100
>CGCGTACCCGGA	10-CGCGTACCCGGA	8.574877	-832.745334	0	T:167.0(13.67%),B:1.2(0.05%),P:1e-361	Tpos:570.1,Tstd:376.5,Bpos:296.1,Bstd:99.2,StrandBias:0.0,Multiplicity:1.16
0.001	0.926	0.024	0.049
0.024	0.098	0.854	0.024
0.024	0.805	0.147	0.024
0.001	0.049	0.926	0.024
0.098	0.178	0.129	0.595
0.749	0.024	0.073	0.154
0.049	0.901	0.049	0.001
0.049	0.854	0.073	0.024
0.024	0.903	0.049	0.024
0.073	0.024	0.902	0.001
0.001	0.049	0.926	0.024
0.682	0.098	0.122	0.098
>TCGGCGGCACCG	11-TCGGCGGCACCG	8.463612	-825.531652	0	T:240.0(19.64%),B:7.2(0.27%),P:1e-358	Tpos:584.5,Tstd:352.6,Bpos:260.4,Bstd:284.9,StrandBias:-0.2,Multiplicity:1.23
0.100	0.100	0.100	0.700
0.100	0.700	0.100	0.100
0.100	0.100	0.700	0.100
0.100	0.100	0.700	0.100
0.100	0.700	0.100	0.100
0.100	0.100	0.700	0.100
0.100	0.100	0.700	0.100
0.100	0.700	0.100	0.100
0.700	0.100	0.100	0.100
0.100	0.700	0.100	0.100
0.100	0.700	0.100	0.100
0.100	0.100	0.700	0.100
>TCCGCGTGGCGG	12-TCCGCGTGGCGG	8.825214	-814.089542	0	T:221.0(18.09%),B:5.3(0.20%),P:1e-353	Tpos:578.1,Tstd:340.3,Bpos:421.9,Bstd:172.8,StrandBias:0.2,Multiplicity:1.18
0.024	0.060	0.107	0.809
0.001	0.891	0.083	0.025
0.060	0.843	0.048	0.049
0.048	0.162	0.766	0.024
0.038	0.731	0.195	0.036
0.001	0.025	0.938	0.036
0.113	0.096	0.236	0.555
0.024	0.047	0.928	0.001
0.012	0.048	0.928	0.012
0.048	0.868	0.036	0.048
0.036	0.060	0.856	0.048
0.012	0.060	0.892	0.036
>GCGCTTGCTCCG	13-GCGCTTGCTCCG	8.286174	-811.975705	0	T:237.0(19.39%),B:7.2(0.27%),P:1e-352	Tpos:546.5,Tstd:335.7,Bpos:611.7,Bstd:174.5,StrandBias:0.3,Multiplicity:1.08
0.059	0.150	0.716	0.075
0.090	0.699	0.114	0.097
0.086	0.145	0.638	0.131
0.048	0.759	0.128	0.065
0.108	0.238	0.123	0.531
0.089	0.142	0.237	0.532
0.051	0.182	0.679	0.088
0.044	0.820	0.086	0.050
0.084	0.133	0.154	0.629
0.038	0.737	0.163	0.062
0.122	0.648	0.109	0.121
0.091	0.173	0.614	0.122
>ACCCGCGACCGC	14-ACCCGCGACCGC	8.463612	-803.601676	0	T:209.0(17.10%),B:4.8(0.18%),P:1e-348	Tpos:548.1,Tstd:350.2,Bpos:82.8,Bstd:142.0,StrandBias:0.3,Multiplicity:1.11
0.700	0.100	0.100	0.100
0.100	0.700	0.100	0.100
0.100	0.700	0.100	0.100
0.100	0.700	0.100	0.100
0.100	0.100	0.700	0.100
0.100	0.700	0.100	0.100
0.100	0.100	0.700	0.100
0.700	0.100	0.100	0.100
0.100	0.700	0.100	0.100
0.100	0.700	0.100	0.100
0.100	0.100	0.700	0.100
0.100	0.700	0.100	0.100
>CGCCGCCGTAGT	15-CGCCGCCGTAGT	8.463612	-796.624108	0	T:161.0(13.18%),B:1.5(0.06%),P:1e-345	Tpos:573.5,Tstd:323.5,Bpos:419.2,Bstd:96.6,StrandBias:0.3,Multiplicity:1.14
0.100	0.700	0.100	0.100
0.100	0.100	0.700	0.100
0.100	0.700	0.100	0.100
0.100	0.700	0.100	0.100
0.100	0.100	0.700	0.100
0.100	0.700	0.100	0.100
0.100	0.700	0.100	0.100
0.100	0.100	0.700	0.100
0.100	0.100	0.100	0.700
0.700	0.100	0.100	0.100
0.100	0.100	0.700	0.100
0.100	0.100	0.100	0.700
>CCGGCCCTAGCC	16-CCGGCCCTAGCC	8.463612	-795.641253	0	T:325.0(26.60%),B:27.6(1.04%),P:1e-345	Tpos:572.7,Tstd:375.6,Bpos:537.2,Bstd:359.7,StrandBias:0.2,Multiplicity:1.29
0.100	0.700	0.100	0.100
0.100	0.700	0.100	0.100
0.100	0.100	0.700	0.100
0.100	0.100	0.700	0.100
0.100	0.700	0.100	0.100
0.100	0.700	0.100	0.100
0.100	0.700	0.100	0.100
0.100	0.100	0.100	0.700
0.700	0.100	0.100	0.100
0.100	0.100	0.700	0.100
0.100	0.700	0.100	0.100
0.100	0.700	0.100	0.100
>GCTCCGGTGGCC	17-GCTCCGGTGGCC	8.463612	-786.040327	0	T:319.0(26.10%),B:26.8(1.01%),P:1e-341	Tpos:556.5,Tstd:338.8,Bpos:441.5,Bstd:235.3,StrandBias:0.2,Multiplicity:1.24
0.100	0.100	0.700	0.100
0.100	0.700	0.100	0.100
0.100	0.100	0.100	0.700
0.100	0.700	0.100	0.100
0.100	0.700	0.100	0.100
0.100	0.100	0.700	0.100
0.100	0.100	0.700	0.100
0.100	0.100	0.100	0.700
0.100	0.100	0.700	0.100
0.100	0.100	0.700	0.100
0.100	0.700	0.100	0.100
0.100	0.700	0.100	0.100
>CCGCGCTTGCGT	18-CCGCGCTTGCGT	8.463612	-778.659309	0	T:158.0(12.93%),B:1.5(0.06%),P:1e-338	Tpos:588.0,Tstd:347.2,Bpos:296.5,Bstd:102.0,StrandBias:0.2,Multiplicity:1.14
0.100	0.700	0.100	0.100
0.100	0.700	0.100	0.100
0.100	0.100	0.700	0.100
0.100	0.700	0.100	0.100
0.100	0.100	0.700	0.100
0.100	0.700	0.100	0.100
0.100	0.100	0.100	0.700
0.100	0.100	0.100	0.700
0.100	0.100	0.700	0.100
0.100	0.700	0.100	0.100
0.100	0.100	0.700	0.100
0.100	0.100	0.100	0.700
>GCCGTAGCGGGG	19-GCCGTAGCGGGG	8.463612	-758.226788	0	T:225.0(18.41%),B:7.7(0.29%),P:1e-329	Tpos:553.9,Tstd:351.0,Bpos:467.9,Bstd:110.7,StrandBias:-0.1,Multiplicity:1.05
0.100	0.100	0.700	0.100
0.100	0.700	0.100	0.100
0.100	0.700	0.100	0.100
0.100	0.100	0.700	0.100
0.100	0.100	0.100	0.700
0.700	0.100	0.100	0.100
0.100	0.100	0.700	0.100
0.100	0.700	0.100	0.100
0.100	0.100	0.700	0.100
0.100	0.100	0.700	0.100
0.100	0.100	0.700	0.100
0.100	0.100	0.700	0.100
>CGCACCTCCAGC	20-CGCACCTCCAGC	8.673051	-616.400187	0	T:287.0(23.49%),B:32.7(1.24%),P:1e-267	Tpos:529.3,Tstd:361.0,Bpos:527.6,Bstd:341.2,StrandBias:0.0,Multiplicity:1.20
0.116	0.706	0.087	0.091
0.066	0.176	0.641	0.117
0.037	0.866	0.063	0.034
0.620	0.123	0.120	0.137
0.054	0.684	0.193	0.069
0.036	0.857	0.053	0.054
0.077	0.147	0.095	0.681
0.024	0.777	0.149	0.050
0.032	0.903	0.035	0.030
0.686	0.121	0.067	0.126
0.045	0.109	0.797	0.049
0.051	0.782	0.122	0.045
>STGGACGGCCGS	21-STGGACGGCCGS	7.501320	-597.585792	0	T:188.0(15.38%),B:7.4(0.28%),P:1e-259	Tpos:558.2,Tstd:358.7,Bpos:407.4,Bstd:87.6,StrandBias:-0.3,Multiplicity:1.15
0.144	0.337	0.376	0.143
0.146	0.124	0.225	0.505
0.089	0.118	0.710	0.083
0.089	0.171	0.670	0.070
0.523	0.150	0.239	0.088
0.130	0.549	0.209	0.112
0.136	0.125	0.615	0.124
0.066	0.133	0.737	0.064
0.083	0.685	0.164	0.068
0.140	0.556	0.179	0.125
0.071	0.128	0.685	0.116
0.151	0.388	0.322	0.139
>CGCCTCAAGCGG	22-CGCCTCAAGCGG	8.463612	-529.656749	0	T:131.0(10.72%),B:2.7(0.10%),P:1e-230	Tpos:561.4,Tstd:384.7,Bpos:393.7,Bstd:136.5,StrandBias:-0.4,Multiplicity:1.05
0.100	0.700	0.100	0.100
0.100	0.100	0.700	0.100
0.100	0.700	0.100	0.100
0.100	0.700	0.100	0.100
0.100	0.100	0.100	0.700
0.100	0.700	0.100	0.100
0.700	0.100	0.100	0.100
0.700	0.100	0.100	0.100
0.100	0.100	0.700	0.100
0.100	0.700	0.100	0.100
0.100	0.100	0.700	0.100
0.100	0.100	0.700	0.100
>CGACGCGTCGCC	23-CGACGCGTCGCC	8.463612	-508.557869	0	T:154.0(12.60%),B:5.9(0.22%),P:1e-220	Tpos:558.1,Tstd:296.3,Bpos:480.0,Bstd:52.4,StrandBias:0.3,Multiplicity:1.06
0.100	0.700	0.100	0.100
0.100	0.100	0.700	0.100
0.700	0.100	0.100	0.100
0.100	0.700	0.100	0.100
0.100	0.100	0.700	0.100
0.100	0.700	0.100	0.100
0.100	0.100	0.700	0.100
0.100	0.100	0.100	0.700
0.100	0.700	0.100	0.100
0.100	0.100	0.700	0.100
0.100	0.700	0.100	0.100
0.100	0.700	0.100	0.100
>AAGGCCGCCGCG	24-AAGGCCGCCGCG	8.463612	-348.269220	0	T:257.0(21.03%),B:66.4(2.50%),P:1e-151	Tpos:584.4,Tstd:327.6,Bpos:824.0,Bstd:112.4,StrandBias:0.3,Multiplicity:1.19
0.700	0.100	0.100	0.100
0.700	0.100	0.100	0.100
0.100	0.100	0.700	0.100
0.100	0.100	0.700	0.100
0.100	0.700	0.100	0.100
0.100	0.700	0.100	0.100
0.100	0.100	0.700	0.100
0.100	0.700	0.100	0.100
0.100	0.700	0.100	0.100
0.100	0.100	0.700	0.100
0.100	0.700	0.100	0.100
0.100	0.100	0.700	0.100
>GGCGCCGGCGTC	25-GGCGCCGGCGTC	10.409522	-137.868649	0	T:39.0(3.19%),B:0.0(0.00%),P:1e-59	Tpos:588.5,Tstd:384.0,Bpos:0.0,Bstd:0.0,StrandBias:-0.7,Multiplicity:1.06
0.100	0.100	0.700	0.100
0.100	0.100	0.700	0.100
0.100	0.700	0.100	0.100
0.100	0.100	0.700	0.100
0.100	0.700	0.100	0.100
0.100	0.700	0.100	0.100
0.100	0.100	0.700	0.100
0.100	0.100	0.700	0.100
0.100	0.700	0.100	0.100
0.100	0.100	0.700	0.100
0.100	0.100	0.100	0.700
0.100	0.700	0.100	0.100
>GCGMAGCG	1-GCGMAGCG	8.363877	-1290.332640	0	T:240.0(19.64%),B:1.9(0.07%),P:1e-560	Tpos:578.3,Tstd:339.2,Bpos:481.6,Bstd:148.2,StrandBias:0.0,Multiplicity:1.33
0.001	0.001	0.658	0.340
0.001	0.997	0.001	0.001
0.001	0.001	0.997	0.001
0.458	0.345	0.001	0.196
0.997	0.001	0.001	0.001
0.001	0.001	0.997	0.001
0.001	0.997	0.001	0.001
0.001	0.001	0.997	0.001
>CCGWTGCG	2-CCGWTGCG	7.153841	-1101.876553	0	T:432.0(35.35%),B:34.4(1.30%),P:1e-478	Tpos:550.9,Tstd:332.6,Bpos:505.5,Bstd:239.1,StrandBias:-0.1,Multiplicity:1.36
0.036	0.862	0.001	0.101
0.001	0.931	0.001	0.067
0.365	0.001	0.633	0.001
0.311	0.165	0.158	0.366
0.001	0.001	0.365	0.633
0.001	0.126	0.731	0.142
0.001	0.957	0.001	0.041
0.035	0.001	0.839	0.125
>CCGCGCTG	3-CCGCGCTG	9.314859	-1054.466246	0	T:203.0(16.61%),B:0.2(0.01%),P:1e-457	Tpos:554.1,Tstd:356.6,Bpos:207.1,Bstd:39.5,StrandBias:-0.0,Multiplicity:1.17
0.001	0.997	0.001	0.001
0.001	0.997	0.001	0.001
0.001	0.001	0.997	0.001
0.001	0.997	0.001	0.001
0.001	0.001	0.997	0.001
0.001	0.997	0.001	0.001
0.001	0.001	0.001	0.997
0.001	0.001	0.825	0.173
>GAGCGCCA	4-GAGCGCCA	7.494560	-1052.860898	0	T:352.0(28.81%),B:17.1(0.65%),P:1e-457	Tpos:565.2,Tstd:377.3,Bpos:285.2,Bstd:158.9,StrandBias:-0.1,Multiplicity:1.22
0.036	0.001	0.941	0.022
0.660	0.148	0.191	0.001
0.001	0.036	0.934	0.029
0.001	0.997	0.001	0.001
0.001	0.001	0.997	0.001
0.071	0.869	0.001	0.059
0.001	0.997	0.001	0.001
0.809	0.189	0.001	0.001
>GCGCACAG	5-GCGCACAG	7.585853	-972.766608	0	T:400.0(32.73%),B:35.4(1.34%),P:1e-422	Tpos:548.8,Tstd:378.4,Bpos:340.5,Bstd:255.7,StrandBias:-0.4,Multiplicity:1.31
0.001	0.093	0.905	0.001
0.001	0.997	0.001	0.001
0.001	0.001	0.997	0.001
0.043	0.864	0.092	0.001
0.779	0.001	0.001	0.219
0.001	0.830	0.168	0.001
0.856	0.060	0.083	0.001
0.001	0.001	0.997	0.001
>CGGTMCCG	6-CGGTMCCG	6.759123	-958.248106	0	T:399.0(32.65%),B:36.7(1.38%),P:1e-416	Tpos:538.8,Tstd:341.3,Bpos:415.7,Bstd:407.2,StrandBias:0.2,Multiplicity:1.37
0.001	0.749	0.083	0.167
0.001	0.233	0.765	0.001
0.004	0.006	0.911	0.079
0.096	0.115	0.001	0.788
0.392	0.326	0.091	0.192
0.001	0.685	0.313	0.001
0.204	0.713	0.082	0.001
0.001	0.067	0.765	0.167
>CCCGCTCC	7-CCCGCTCC	7.531310	-895.482844	0	T:406.0(33.22%),B:45.3(1.71%),P:1e-388	Tpos:561.6,Tstd:362.2,Bpos:319.6,Bstd:282.3,StrandBias:-0.1,Multiplicity:1.34
0.079	0.919	0.001	0.001
0.090	0.908	0.001	0.001
0.001	0.997	0.001	0.001
0.001	0.001	0.997	0.001
0.083	0.915	0.001	0.001
0.001	0.001	0.001	0.997
0.045	0.812	0.001	0.142
0.001	0.836	0.001	0.162
>CCCGACAG	8-CCCGACAG	6.880531	-859.560696	0	T:362.0(29.62%),B:33.1(1.25%),P:1e-373	Tpos:558.1,Tstd:361.4,Bpos:505.8,Bstd:239.3,StrandBias:-0.1,Multiplicity:1.30
0.114	0.542	0.139	0.205
0.118	0.639	0.233	0.010
0.001	0.980	0.018	0.001
0.001	0.001	0.997	0.001
0.847	0.151	0.001	0.001
0.001	0.706	0.001	0.292
0.951	0.047	0.001	0.001
0.049	0.010	0.887	0.054
>TGGCAGCG	9-TGGCAGCG	5.448533	-843.757055	0	T:485.0(39.69%),B:91.2(3.44%),P:1e-366	Tpos:529.9,Tstd:361.4,Bpos:379.8,Bstd:596.3,StrandBias:0.2,Multiplicity:1.33
0.001	0.001	0.001	0.997
0.001	0.001	0.900	0.098
0.001	0.001	0.997	0.001
0.001	0.916	0.001	0.082
0.802	0.001	0.001	0.196
0.077	0.204	0.718	0.001
0.001	0.997	0.001	0.001
0.001	0.001	0.997	0.001
>CGCCGGCT	10-CGCCGGCT	7.351824	-802.626692	0	T:162.0(13.26%),B:1.5(0.06%),P:1e-348	Tpos:560.7,Tstd:358.9,Bpos:401.1,Bstd:134.0,StrandBias:0.2,Multiplicity:1.15
0.001	0.997	0.001	0.001
0.001	0.001	0.997	0.001
0.001	0.964	0.001	0.034
0.001	0.997	0.001	0.001
0.001	0.001	0.997	0.001
0.244	0.001	0.754	0.001
0.056	0.942	0.001	0.001
0.001	0.001	0.001	0.997
>RTGGGCSG	11-RTGGGCSG	7.130735	-798.768831	0	T:411.0(33.63%),B:60.8(2.29%),P:1e-346	Tpos:563.1,Tstd:376.2,Bpos:501.7,Bstd:317.3,StrandBias:-0.3,Multiplicity:1.36
0.424	0.001	0.574	0.001
0.132	0.001	0.001	0.866
0.001	0.001	0.575	0.423
0.001	0.001	0.997	0.001
0.261	0.089	0.489	0.162
0.001	0.795	0.059	0.145
0.001	0.481	0.517	0.001
0.001	0.150	0.848	0.001
>GCCGCAGG	12-GCCGCAGG	7.250217	-772.784255	0	T:462.0(37.81%),B:92.6(3.50%),P:1e-335	Tpos:564.3,Tstd:376.7,Bpos:410.9,Bstd:440.0,StrandBias:-0.2,Multiplicity:1.42
0.071	0.001	0.927	0.001
0.350	0.583	0.001	0.066
0.001	0.889	0.038	0.072
0.001	0.001	0.997	0.001
0.001	0.960	0.001	0.038
0.997	0.001	0.001	0.001
0.095	0.001	0.828	0.076
0.001	0.001	0.699	0.299
>CCGGGAGG	13-CCGGGAGG	7.140834	-751.422958	0	T:588.0(48.12%),B:191.5(7.23%),P:1e-326	Tpos:559.4,Tstd:365.6,Bpos:446.3,Bstd:628.9,StrandBias:-0.1,Multiplicity:1.52
0.001	0.948	0.001	0.050
0.001	0.885	0.001	0.113
0.001	0.001	0.997	0.001
0.042	0.249	0.708	0.001
0.067	0.001	0.852	0.080
0.997	0.001	0.001	0.001
0.001	0.064	0.934	0.001
0.001	0.001	0.957	0.041
>CTCGTACG	14-CTCGTACG	6.300377	-748.018975	0	T:291.0(23.81%),B:21.7(0.82%),P:1e-324	Tpos:586.1,Tstd:375.0,Bpos:545.0,Bstd:276.9,StrandBias:0.1,Multiplicity:1.31
0.007	0.850	0.104	0.039
0.086	0.200	0.117	0.597
0.044	0.871	0.039	0.046
0.045	0.100	0.811	0.044
0.071	0.217	0.120	0.592
0.619	0.138	0.073	0.170
0.053	0.814	0.104	0.029
0.041	0.035	0.845	0.079
>CGACGTCC	15-CGACGTCC	5.539805	-706.704273	0	T:165.0(13.50%),B:2.2(0.08%),P:1e-306	Tpos:576.7,Tstd:341.6,Bpos:518.3,Bstd:80.1,StrandBias:0.1,Multiplicity:1.11
0.001	0.997	0.001	0.001
0.001	0.001	0.989	0.009
0.962	0.001	0.033	0.004
0.001	0.997	0.001	0.001
0.001	0.001	0.997	0.001
0.001	0.001	0.001	0.997
0.001	0.997	0.001	0.001
0.001	0.997	0.001	0.001
>CGGAGCCT	16-CGGAGCCT	7.748546	-690.063328	0	T:238.0(19.48%),B:12.0(0.45%),P:1e-299	Tpos:548.8,Tstd:353.2,Bpos:452.7,Bstd:126.3,StrandBias:-0.3,Multiplicity:1.15
0.001	0.997	0.001	0.001
0.001	0.001	0.997	0.001
0.001	0.001	0.997	0.001
0.997	0.001	0.001	0.001
0.001	0.142	0.856	0.001
0.168	0.711	0.001	0.120
0.059	0.915	0.025	0.001
0.001	0.001	0.001	0.997
>CCGCTGGG	17-CCGCTGGG	9.010311	-674.739449	0	T:206.0(16.86%),B:7.3(0.28%),P:1e-293	Tpos:520.4,Tstd:346.8,Bpos:502.3,Bstd:206.7,StrandBias:0.3,Multiplicity:1.16
0.245	0.753	0.001	0.001
0.001	0.997	0.001	0.001
0.001	0.001	0.997	0.001
0.001	0.997	0.001	0.001
0.001	0.193	0.001	0.805
0.001	0.001	0.997	0.001
0.001	0.001	0.997	0.001
0.355	0.001	0.643	0.001
>AAGGCCGC	18-AAGGCCGC	8.057823	-633.165526	0	T:272.0(22.26%),B:25.7(0.97%),P:1e-274	Tpos:554.0,Tstd:375.9,Bpos:299.1,Bstd:449.2,StrandBias:0.2,Multiplicity:1.15
0.876	0.001	0.001	0.122
0.997	0.001	0.001	0.001
0.001	0.024	0.974	0.001
0.024	0.001	0.974	0.001
0.106	0.575	0.280	0.039
0.122	0.578	0.299	0.001
0.024	0.001	0.974	0.001
0.369	0.572	0.002	0.057
>CGGYTCCH	19-CGGYTCCH	6.185089	-611.271284	0	T:338.0(27.66%),B:55.4(2.09%),P:1e-265	Tpos:547.2,Tstd:374.4,Bpos:503.6,Bstd:439.3,StrandBias:-0.2,Multiplicity:1.30
0.031	0.933	0.022	0.014
0.113	0.223	0.663	0.001
0.041	0.360	0.524	0.075
0.047	0.322	0.234	0.396
0.049	0.017	0.292	0.642
0.091	0.490	0.322	0.097
0.011	0.782	0.115	0.092
0.254	0.287	0.063	0.397
>CGGGAAAT	20-CGGGAAAT	5.555961	-589.998333	0	T:566.0(46.32%),B:236.9(8.94%),P:1e-256	Tpos:572.8,Tstd:400.1,Bpos:413.2,Bstd:518.6,StrandBias:0.0,Multiplicity:1.53
0.028	0.912	0.055	0.005
0.066	0.159	0.754	0.021
0.095	0.044	0.815	0.046
0.068	0.133	0.774	0.025
0.708	0.123	0.105	0.064
0.731	0.081	0.121	0.067
0.669	0.166	0.088	0.077
0.086	0.153	0.122	0.639
>CTCCGCTC	21-CTCCGCTC	9.582102	-579.240718	0	T:162.0(13.26%),B:4.6(0.17%),P:1e-251	Tpos:539.5,Tstd:366.1,Bpos:486.8,Bstd:133.9,StrandBias:0.0,Multiplicity:1.15
0.001	0.997	0.001	0.001
0.001	0.001	0.001	0.997
0.001	0.997	0.001	0.001
0.001	0.997	0.001	0.001
0.001	0.001	0.997	0.001
0.001	0.997	0.001	0.001
0.001	0.001	0.001	0.997
0.001	0.772	0.001	0.226
>CTTACGCG	22-CTTACGCG	6.333069	-571.413314	0	T:220.0(18.00%),B:15.6(0.59%),P:1e-248	Tpos:580.0,Tstd:394.5,Bpos:495.4,Bstd:259.6,StrandBias:0.0,Multiplicity:1.18
0.031	0.841	0.051	0.077
0.092	0.133	0.081	0.694
0.080	0.153	0.140	0.627
0.597	0.111	0.123	0.169
0.106	0.746	0.146	0.002
0.069	0.073	0.809	0.049
0.054	0.848	0.037	0.061
0.071	0.042	0.839	0.048
>CCCGGACC	23-CCCGGACC	8.382411	-563.898907	0	T:229.0(18.74%),B:18.0(0.68%),P:1e-244	Tpos:563.2,Tstd:370.8,Bpos:567.4,Bstd:287.3,StrandBias:0.2,Multiplicity:1.18
0.001	0.997	0.001	0.001
0.105	0.893	0.001	0.001
0.001	0.997	0.001	0.001
0.001	0.001	0.997	0.001
0.001	0.001	0.964	0.034
0.997	0.001	0.001	0.001
0.001	0.819	0.001	0.179
0.001	0.814	0.001	0.184
>AGAGGCGC	24-AGAGGCGC	9.920469	-504.403622	0	T:126.0(10.31%),B:2.2(0.08%),P:1e-219	Tpos:502.1,Tstd:374.7,Bpos:374.1,Bstd:248.2,StrandBias:-0.0,Multiplicity:1.09
0.997	0.001	0.001	0.001
0.001	0.001	0.997	0.001
0.997	0.001	0.001	0.001
0.001	0.001	0.681	0.317
0.001	0.001	0.997	0.001
0.001	0.997	0.001	0.001
0.001	0.001	0.997	0.001
0.001	0.997	0.001	0.001
>CGACGAGA	25-CGACGAGA	6.722820	-497.310231	0	T:282.0(23.08%),B:47.3(1.78%),P:1e-215	Tpos:559.9,Tstd:376.2,Bpos:452.4,Bstd:584.4,StrandBias:0.2,Multiplicity:1.19
0.019	0.945	0.014	0.022
0.017	0.012	0.934	0.037
0.599	0.253	0.147	0.001
0.019	0.875	0.079	0.027
0.037	0.039	0.919	0.005
0.853	0.073	0.037	0.037
0.001	0.012	0.982	0.005
0.899	0.079	0.001	0.021
