>GCGMAGCG	1-GCGMAGCG	8.363877	-1290.332640	0	T:240.0(19.64%),B:1.9(0.07%),P:1e-560	Tpos:578.3,Tstd:339.2,Bpos:481.6,Bstd:148.2,StrandBias:0.0,Multiplicity:1.33
0.001	0.001	0.658	0.340
0.001	0.997	0.001	0.001
0.001	0.001	0.997	0.001
0.458	0.345	0.001	0.196
0.997	0.001	0.001	0.001
0.001	0.001	0.997	0.001
0.001	0.997	0.001	0.001
0.001	0.001	0.997	0.001
>CCGWTGCG	2-CCGWTGCG	7.153841	-1101.876553	0	T:432.0(35.35%),B:34.4(1.30%),P:1e-478	Tpos:550.9,Tstd:332.6,Bpos:505.5,Bstd:239.1,StrandBias:-0.1,Multiplicity:1.36
0.036	0.862	0.001	0.101
0.001	0.931	0.001	0.067
0.365	0.001	0.633	0.001
0.311	0.165	0.158	0.366
0.001	0.001	0.365	0.633
0.001	0.126	0.731	0.142
0.001	0.957	0.001	0.041
0.035	0.001	0.839	0.125
>CCGCGCTG	3-CCGCGCTG	9.314859	-1054.466246	0	T:203.0(16.61%),B:0.2(0.01%),P:1e-457	Tpos:554.1,Tstd:356.6,Bpos:207.1,Bstd:39.5,StrandBias:-0.0,Multiplicity:1.17
0.001	0.997	0.001	0.001
0.001	0.997	0.001	0.001
0.001	0.001	0.997	0.001
0.001	0.997	0.001	0.001
0.001	0.001	0.997	0.001
0.001	0.997	0.001	0.001
0.001	0.001	0.001	0.997
0.001	0.001	0.825	0.173
>GAGCGCCA	4-GAGCGCCA	7.494560	-1052.860898	0	T:352.0(28.81%),B:17.1(0.65%),P:1e-457	Tpos:565.2,Tstd:377.3,Bpos:285.2,Bstd:158.9,StrandBias:-0.1,Multiplicity:1.22
0.036	0.001	0.941	0.022
0.660	0.148	0.191	0.001
0.001	0.036	0.934	0.029
0.001	0.997	0.001	0.001
0.001	0.001	0.997	0.001
0.071	0.869	0.001	0.059
0.001	0.997	0.001	0.001
0.809	0.189	0.001	0.001
>GCGCACAG	5-GCGCACAG	7.585853	-972.766608	0	T:400.0(32.73%),B:35.4(1.34%),P:1e-422	Tpos:548.8,Tstd:378.4,Bpos:340.5,Bstd:255.7,StrandBias:-0.4,Multiplicity:1.31
0.001	0.093	0.905	0.001
0.001	0.997	0.001	0.001
0.001	0.001	0.997	0.001
0.043	0.864	0.092	0.001
0.779	0.001	0.001	0.219
0.001	0.830	0.168	0.001
0.856	0.060	0.083	0.001
0.001	0.001	0.997	0.001
>CGGTMCCG	6-CGGTMCCG	6.759123	-958.248106	0	T:399.0(32.65%),B:36.7(1.38%),P:1e-416	Tpos:538.8,Tstd:341.3,Bpos:415.7,Bstd:407.2,StrandBias:0.2,Multiplicity:1.37
0.001	0.749	0.083	0.167
0.001	0.233	0.765	0.001
0.004	0.006	0.911	0.079
0.096	0.115	0.001	0.788
0.392	0.326	0.091	0.192
0.001	0.685	0.313	0.001
0.204	0.713	0.082	0.001
0.001	0.067	0.765	0.167
>CCCGCTCC	7-CCCGCTCC	7.531310	-895.482844	0	T:406.0(33.22%),B:45.3(1.71%),P:1e-388	Tpos:561.6,Tstd:362.2,Bpos:319.6,Bstd:282.3,StrandBias:-0.1,Multiplicity:1.34
0.079	0.919	0.001	0.001
0.090	0.908	0.001	0.001
0.001	0.997	0.001	0.001
0.001	0.001	0.997	0.001
0.083	0.915	0.001	0.001
0.001	0.001	0.001	0.997
0.045	0.812	0.001	0.142
0.001	0.836	0.001	0.162
>CCCGACAG	8-CCCGACAG	6.880531	-859.560696	0	T:362.0(29.62%),B:33.1(1.25%),P:1e-373	Tpos:558.1,Tstd:361.4,Bpos:505.8,Bstd:239.3,StrandBias:-0.1,Multiplicity:1.30
0.114	0.542	0.139	0.205
0.118	0.639	0.233	0.010
0.001	0.980	0.018	0.001
0.001	0.001	0.997	0.001
0.847	0.151	0.001	0.001
0.001	0.706	0.001	0.292
0.951	0.047	0.001	0.001
0.049	0.010	0.887	0.054
>TGGCAGCG	9-TGGCAGCG	5.448533	-843.757055	0	T:485.0(39.69%),B:91.2(3.44%),P:1e-366	Tpos:529.9,Tstd:361.4,Bpos:379.8,Bstd:596.3,StrandBias:0.2,Multiplicity:1.33
0.001	0.001	0.001	0.997
0.001	0.001	0.900	0.098
0.001	0.001	0.997	0.001
0.001	0.916	0.001	0.082
0.802	0.001	0.001	0.196
0.077	0.204	0.718	0.001
0.001	0.997	0.001	0.001
0.001	0.001	0.997	0.001
>CGCCGGCT	10-CGCCGGCT	7.351824	-802.626692	0	T:162.0(13.26%),B:1.5(0.06%),P:1e-348	Tpos:560.7,Tstd:358.9,Bpos:401.1,Bstd:134.0,StrandBias:0.2,Multiplicity:1.15
0.001	0.997	0.001	0.001
0.001	0.001	0.997	0.001
0.001	0.964	0.001	0.034
0.001	0.997	0.001	0.001
0.001	0.001	0.997	0.001
0.244	0.001	0.754	0.001
0.056	0.942	0.001	0.001
0.001	0.001	0.001	0.997
>RTGGGCSG	11-RTGGGCSG	7.130735	-798.768831	0	T:411.0(33.63%),B:60.8(2.29%),P:1e-346	Tpos:563.1,Tstd:376.2,Bpos:501.7,Bstd:317.3,StrandBias:-0.3,Multiplicity:1.36
0.424	0.001	0.574	0.001
0.132	0.001	0.001	0.866
0.001	0.001	0.575	0.423
0.001	0.001	0.997	0.001
0.261	0.089	0.489	0.162
0.001	0.795	0.059	0.145
0.001	0.481	0.517	0.001
0.001	0.150	0.848	0.001
>GCCGCAGG	12-GCCGCAGG	7.250217	-772.784255	0	T:462.0(37.81%),B:92.6(3.50%),P:1e-335	Tpos:564.3,Tstd:376.7,Bpos:410.9,Bstd:440.0,StrandBias:-0.2,Multiplicity:1.42
0.071	0.001	0.927	0.001
0.350	0.583	0.001	0.066
0.001	0.889	0.038	0.072
0.001	0.001	0.997	0.001
0.001	0.960	0.001	0.038
0.997	0.001	0.001	0.001
0.095	0.001	0.828	0.076
0.001	0.001	0.699	0.299
>CCGGGAGG	13-CCGGGAGG	7.140834	-751.422958	0	T:588.0(48.12%),B:191.5(7.23%),P:1e-326	Tpos:559.4,Tstd:365.6,Bpos:446.3,Bstd:628.9,StrandBias:-0.1,Multiplicity:1.52
0.001	0.948	0.001	0.050
0.001	0.885	0.001	0.113
0.001	0.001	0.997	0.001
0.042	0.249	0.708	0.001
0.067	0.001	0.852	0.080
0.997	0.001	0.001	0.001
0.001	0.064	0.934	0.001
0.001	0.001	0.957	0.041
>CTCGTACG	14-CTCGTACG	6.300377	-748.018975	0	T:291.0(23.81%),B:21.7(0.82%),P:1e-324	Tpos:586.1,Tstd:375.0,Bpos:545.0,Bstd:276.9,StrandBias:0.1,Multiplicity:1.31
0.007	0.850	0.104	0.039
0.086	0.200	0.117	0.597
0.044	0.871	0.039	0.046
0.045	0.100	0.811	0.044
0.071	0.217	0.120	0.592
0.619	0.138	0.073	0.170
0.053	0.814	0.104	0.029
0.041	0.035	0.845	0.079
>CGACGTCC	15-CGACGTCC	5.539805	-706.704273	0	T:165.0(13.50%),B:2.2(0.08%),P:1e-306	Tpos:576.7,Tstd:341.6,Bpos:518.3,Bstd:80.1,StrandBias:0.1,Multiplicity:1.11
0.001	0.997	0.001	0.001
0.001	0.001	0.989	0.009
0.962	0.001	0.033	0.004
0.001	0.997	0.001	0.001
0.001	0.001	0.997	0.001
0.001	0.001	0.001	0.997
0.001	0.997	0.001	0.001
0.001	0.997	0.001	0.001
>CGGAGCCT	16-CGGAGCCT	7.748546	-690.063328	0	T:238.0(19.48%),B:12.0(0.45%),P:1e-299	Tpos:548.8,Tstd:353.2,Bpos:452.7,Bstd:126.3,StrandBias:-0.3,Multiplicity:1.15
0.001	0.997	0.001	0.001
0.001	0.001	0.997	0.001
0.001	0.001	0.997	0.001
0.997	0.001	0.001	0.001
0.001	0.142	0.856	0.001
0.168	0.711	0.001	0.120
0.059	0.915	0.025	0.001
0.001	0.001	0.001	0.997
>CCGCTGGG	17-CCGCTGGG	9.010311	-674.739449	0	T:206.0(16.86%),B:7.3(0.28%),P:1e-293	Tpos:520.4,Tstd:346.8,Bpos:502.3,Bstd:206.7,StrandBias:0.3,Multiplicity:1.16
0.245	0.753	0.001	0.001
0.001	0.997	0.001	0.001
0.001	0.001	0.997	0.001
0.001	0.997	0.001	0.001
0.001	0.193	0.001	0.805
0.001	0.001	0.997	0.001
0.001	0.001	0.997	0.001
0.355	0.001	0.643	0.001
>AAGGCCGC	18-AAGGCCGC	8.057823	-633.165526	0	T:272.0(22.26%),B:25.7(0.97%),P:1e-274	Tpos:554.0,Tstd:375.9,Bpos:299.1,Bstd:449.2,StrandBias:0.2,Multiplicity:1.15
0.876	0.001	0.001	0.122
0.997	0.001	0.001	0.001
0.001	0.024	0.974	0.001
0.024	0.001	0.974	0.001
0.106	0.575	0.280	0.039
0.122	0.578	0.299	0.001
0.024	0.001	0.974	0.001
0.369	0.572	0.002	0.057
>CGGYTCCH	19-CGGYTCCH	6.185089	-611.271284	0	T:338.0(27.66%),B:55.4(2.09%),P:1e-265	Tpos:547.2,Tstd:374.4,Bpos:503.6,Bstd:439.3,StrandBias:-0.2,Multiplicity:1.30
0.031	0.933	0.022	0.014
0.113	0.223	0.663	0.001
0.041	0.360	0.524	0.075
0.047	0.322	0.234	0.396
0.049	0.017	0.292	0.642
0.091	0.490	0.322	0.097
0.011	0.782	0.115	0.092
0.254	0.287	0.063	0.397
>CGGGAAAT	20-CGGGAAAT	5.555961	-589.998333	0	T:566.0(46.32%),B:236.9(8.94%),P:1e-256	Tpos:572.8,Tstd:400.1,Bpos:413.2,Bstd:518.6,StrandBias:0.0,Multiplicity:1.53
0.028	0.912	0.055	0.005
0.066	0.159	0.754	0.021
0.095	0.044	0.815	0.046
0.068	0.133	0.774	0.025
0.708	0.123	0.105	0.064
0.731	0.081	0.121	0.067
0.669	0.166	0.088	0.077
0.086	0.153	0.122	0.639
>CTCCGCTC	21-CTCCGCTC	9.582102	-579.240718	0	T:162.0(13.26%),B:4.6(0.17%),P:1e-251	Tpos:539.5,Tstd:366.1,Bpos:486.8,Bstd:133.9,StrandBias:0.0,Multiplicity:1.15
0.001	0.997	0.001	0.001
0.001	0.001	0.001	0.997
0.001	0.997	0.001	0.001
0.001	0.997	0.001	0.001
0.001	0.001	0.997	0.001
0.001	0.997	0.001	0.001
0.001	0.001	0.001	0.997
0.001	0.772	0.001	0.226
>CTTACGCG	22-CTTACGCG	6.333069	-571.413314	0	T:220.0(18.00%),B:15.6(0.59%),P:1e-248	Tpos:580.0,Tstd:394.5,Bpos:495.4,Bstd:259.6,StrandBias:0.0,Multiplicity:1.18
0.031	0.841	0.051	0.077
0.092	0.133	0.081	0.694
0.080	0.153	0.140	0.627
0.597	0.111	0.123	0.169
0.106	0.746	0.146	0.002
0.069	0.073	0.809	0.049
0.054	0.848	0.037	0.061
0.071	0.042	0.839	0.048
>CCCGGACC	23-CCCGGACC	8.382411	-563.898907	0	T:229.0(18.74%),B:18.0(0.68%),P:1e-244	Tpos:563.2,Tstd:370.8,Bpos:567.4,Bstd:287.3,StrandBias:0.2,Multiplicity:1.18
0.001	0.997	0.001	0.001
0.105	0.893	0.001	0.001
0.001	0.997	0.001	0.001
0.001	0.001	0.997	0.001
0.001	0.001	0.964	0.034
0.997	0.001	0.001	0.001
0.001	0.819	0.001	0.179
0.001	0.814	0.001	0.184
>AGAGGCGC	24-AGAGGCGC	9.920469	-504.403622	0	T:126.0(10.31%),B:2.2(0.08%),P:1e-219	Tpos:502.1,Tstd:374.7,Bpos:374.1,Bstd:248.2,StrandBias:-0.0,Multiplicity:1.09
0.997	0.001	0.001	0.001
0.001	0.001	0.997	0.001
0.997	0.001	0.001	0.001
0.001	0.001	0.681	0.317
0.001	0.001	0.997	0.001
0.001	0.997	0.001	0.001
0.001	0.001	0.997	0.001
0.001	0.997	0.001	0.001
>CGACGAGA	25-CGACGAGA	6.722820	-497.310231	0	T:282.0(23.08%),B:47.3(1.78%),P:1e-215	Tpos:559.9,Tstd:376.2,Bpos:452.4,Bstd:584.4,StrandBias:0.2,Multiplicity:1.19
0.019	0.945	0.014	0.022
0.017	0.012	0.934	0.037
0.599	0.253	0.147	0.001
0.019	0.875	0.079	0.027
0.037	0.039	0.919	0.005
0.853	0.073	0.037	0.037
0.001	0.012	0.982	0.005
0.899	0.079	0.001	0.021
