>CCGGGACCGC	1-CCGGGACCGC	8.399856	-1379.644001	0	T:345.0(28.23%),B:6.2(0.23%),P:1e-599	Tpos:586.5,Tstd:342.7,Bpos:404.7,Bstd:582.4,StrandBias:0.1,Multiplicity:1.60
0.011	0.902	0.068	0.019
0.020	0.829	0.117	0.034
0.045	0.053	0.863	0.039
0.023	0.155	0.794	0.028
0.073	0.164	0.736	0.027
0.536	0.102	0.271	0.091
0.032	0.836	0.102	0.030
0.031	0.880	0.073	0.016
0.031	0.118	0.831	0.020
0.023	0.795	0.154	0.028
>GCCCGCCCGA	2-GCCCGCCCGA	8.350283	-1035.681234	0	T:200.0(16.37%),B:1.8(0.07%),P:1e-449	Tpos:575.6,Tstd:340.6,Bpos:460.3,Bstd:84.3,StrandBias:0.3,Multiplicity:1.24
0.100	0.100	0.700	0.100
0.100	0.700	0.100	0.100
0.100	0.700	0.100	0.100
0.100	0.700	0.100	0.100
0.100	0.100	0.700	0.100
0.100	0.700	0.100	0.100
0.100	0.700	0.100	0.100
0.100	0.700	0.100	0.100
0.100	0.100	0.700	0.100
0.700	0.100	0.100	0.100
>CGCGGGCCTC	3-CGCGGGCCTC	8.607706	-915.282920	0	T:242.0(19.80%),B:5.8(0.22%),P:1e-397	Tpos:608.5,Tstd:349.3,Bpos:636.0,Bstd:188.0,StrandBias:-0.3,Multiplicity:1.26
0.043	0.837	0.082	0.038
0.029	0.209	0.701	0.061
0.025	0.859	0.085	0.031
0.066	0.104	0.759	0.071
0.054	0.111	0.813	0.022
0.034	0.110	0.806	0.050
0.034	0.793	0.133	0.040
0.025	0.879	0.059	0.037
0.101	0.151	0.068	0.680
0.018	0.871	0.074	0.037
>AGCGCCGCGC	4-AGCGCCGCGC	9.678023	-878.009481	0	T:224.0(18.33%),B:4.3(0.16%),P:1e-381	Tpos:608.5,Tstd:352.6,Bpos:0.0,Bstd:0.0,StrandBias:0.1,Multiplicity:1.40
0.710	0.001	0.288	0.001
0.001	0.001	0.997	0.001
0.001	0.997	0.001	0.001
0.001	0.086	0.912	0.001
0.001	0.852	0.146	0.001
0.087	0.536	0.298	0.079
0.001	0.001	0.997	0.001
0.001	0.997	0.001	0.001
0.001	0.001	0.997	0.001
0.001	0.904	0.094	0.001
>CCTTCCGGCG	5-CCTTCCGGCG	8.940132	-765.790695	0	T:176.0(14.40%),B:2.5(0.09%),P:1e-332	Tpos:566.7,Tstd:342.8,Bpos:339.4,Bstd:112.4,StrandBias:-0.1,Multiplicity:1.15
0.048	0.840	0.095	0.017
0.009	0.943	0.022	0.026
0.021	0.099	0.062	0.818
0.024	0.277	0.108	0.591
0.004	0.928	0.047	0.021
0.032	0.896	0.045	0.027
0.080	0.127	0.695	0.098
0.014	0.131	0.840	0.015
0.077	0.811	0.083	0.029
0.030	0.192	0.637	0.141
>GAGCGGAGCT	6-GAGCGGAGCT	9.997361	-736.997009	0	T:151.0(12.36%),B:1.9(0.07%),P:1e-320	Tpos:561.6,Tstd:387.0,Bpos:598.3,Bstd:152.2,StrandBias:0.1,Multiplicity:1.14
0.044	0.081	0.844	0.031
0.525	0.120	0.297	0.058
0.016	0.030	0.920	0.034
0.053	0.890	0.032	0.025
0.045	0.101	0.807	0.047
0.018	0.103	0.869	0.010
0.612	0.084	0.249	0.055
0.021	0.013	0.952	0.014
0.024	0.866	0.081	0.029
0.044	0.183	0.059	0.714
>GCTACGGCGC	7-GCTACGGCGC	8.350283	-713.354819	0	T:147.0(12.03%),B:1.4(0.05%),P:1e-309	Tpos:526.7,Tstd:331.9,Bpos:288.5,Bstd:103.5,StrandBias:0.1,Multiplicity:1.12
0.100	0.100	0.700	0.100
0.100	0.700	0.100	0.100
0.100	0.100	0.100	0.700
0.700	0.100	0.100	0.100
0.100	0.700	0.100	0.100
0.100	0.100	0.700	0.100
0.100	0.100	0.700	0.100
0.100	0.700	0.100	0.100
0.100	0.100	0.700	0.100
0.100	0.700	0.100	0.100
>CCGGAGCGGG	8-CCGGAGCGGG	9.540652	-706.058556	0	T:198.0(16.20%),B:5.6(0.21%),P:1e-306	Tpos:569.4,Tstd:335.0,Bpos:393.2,Bstd:153.2,StrandBias:-0.2,Multiplicity:1.18
0.001	0.896	0.102	0.001
0.032	0.775	0.161	0.032
0.001	0.102	0.896	0.001
0.001	0.069	0.929	0.001
0.949	0.049	0.001	0.001
0.001	0.001	0.997	0.001
0.001	0.997	0.001	0.001
0.114	0.137	0.668	0.081
0.001	0.113	0.885	0.001
0.001	0.001	0.997	0.001
>GTGGACGGCG	9-GTGGACGGCG	8.350283	-689.835989	0	T:143.0(11.70%),B:1.8(0.07%),P:1e-299	Tpos:510.4,Tstd:332.7,Bpos:288.1,Bstd:100.5,StrandBias:0.0,Multiplicity:1.09
0.100	0.100	0.700	0.100
0.100	0.100	0.100	0.700
0.100	0.100	0.700	0.100
0.100	0.100	0.700	0.100
0.700	0.100	0.100	0.100
0.100	0.700	0.100	0.100
0.100	0.100	0.700	0.100
0.100	0.100	0.700	0.100
0.100	0.700	0.100	0.100
0.100	0.100	0.700	0.100
>CAGCCGCCGA	10-CAGCCGCCGA	8.350283	-677.198869	0	T:213.0(17.43%),B:8.1(0.31%),P:1e-294	Tpos:583.1,Tstd:349.2,Bpos:211.3,Bstd:191.2,StrandBias:-0.5,Multiplicity:1.17
0.100	0.700	0.100	0.100
0.700	0.100	0.100	0.100
0.100	0.100	0.700	0.100
0.100	0.700	0.100	0.100
0.100	0.700	0.100	0.100
0.100	0.100	0.700	0.100
0.100	0.700	0.100	0.100
0.100	0.700	0.100	0.100
0.100	0.100	0.700	0.100
0.700	0.100	0.100	0.100
>CGGTACCGTC	11-CGGTACCGTC	7.137135	-675.498981	0	T:321.0(26.27%),B:38.0(1.44%),P:1e-293	Tpos:531.9,Tstd:352.0,Bpos:322.0,Bstd:304.5,StrandBias:0.1,Multiplicity:1.23
0.051	0.857	0.061	0.031
0.062	0.035	0.832	0.071
0.023	0.087	0.875	0.015
0.058	0.115	0.134	0.693
0.600	0.193	0.102	0.105
0.022	0.877	0.075	0.026
0.061	0.882	0.026	0.031
0.050	0.143	0.749	0.058
0.022	0.159	0.109	0.710
0.015	0.929	0.041	0.015
>GCGCCCGGGT	12-GCGCCCGGGT	8.350283	-661.745715	0	T:203.0(16.61%),B:7.8(0.29%),P:1e-287	Tpos:557.1,Tstd:366.8,Bpos:353.5,Bstd:327.2,StrandBias:-0.0,Multiplicity:1.14
0.100	0.100	0.700	0.100
0.100	0.700	0.100	0.100
0.100	0.100	0.700	0.100
0.100	0.700	0.100	0.100
0.100	0.700	0.100	0.100
0.100	0.700	0.100	0.100
0.100	0.100	0.700	0.100
0.100	0.100	0.700	0.100
0.100	0.100	0.700	0.100
0.100	0.100	0.100	0.700
>GCACGGTGCG	13-GCACGGTGCG	8.560570	-643.180459	0	T:135.0(11.05%),B:0.7(0.03%),P:1e-279	Tpos:582.8,Tstd:385.8,Bpos:138.2,Bstd:28.6,StrandBias:0.0,Multiplicity:1.11
0.013	0.067	0.899	0.021
0.022	0.874	0.068	0.036
0.652	0.156	0.132	0.060
0.042	0.791	0.132	0.035
0.066	0.106	0.756	0.072
0.022	0.128	0.830	0.020
0.098	0.086	0.157	0.659
0.011	0.072	0.906	0.011
0.042	0.853	0.071	0.034
0.085	0.086	0.781	0.048
>CCGRGGGGGC	14-CCGRGGGGGC	7.065521	-638.190722	0	T:246.0(20.13%),B:17.5(0.66%),P:1e-277	Tpos:556.3,Tstd:363.2,Bpos:438.4,Bstd:128.4,StrandBias:-0.1,Multiplicity:1.27
0.085	0.619	0.211	0.085
0.123	0.552	0.213	0.112
0.086	0.214	0.614	0.086
0.403	0.233	0.261	0.103
0.109	0.138	0.678	0.075
0.111	0.165	0.649	0.075
0.128	0.189	0.593	0.090
0.116	0.166	0.622	0.096
0.091	0.187	0.641	0.081
0.099	0.630	0.196	0.075
>TCCTCGCCGC	15-TCCTCGCCGC	9.664352	-637.969477	0	T:152.0(12.44%),B:2.3(0.09%),P:1e-277	Tpos:587.7,Tstd:344.0,Bpos:231.8,Bstd:114.1,StrandBias:-0.2,Multiplicity:1.09
0.001	0.028	0.123	0.848
0.001	0.997	0.001	0.001
0.001	0.997	0.001	0.001
0.001	0.028	0.272	0.699
0.001	0.988	0.010	0.001
0.001	0.152	0.799	0.048
0.001	0.528	0.152	0.319
0.011	0.977	0.011	0.001
0.001	0.123	0.848	0.028
0.001	0.997	0.001	0.001
>AGGCCGTGCG	16-AGGCCGTGCG	8.350283	-622.284165	0	T:149.0(12.19%),B:2.1(0.08%),P:1e-270	Tpos:556.7,Tstd:349.7,Bpos:542.8,Bstd:93.6,StrandBias:-0.3,Multiplicity:1.16
0.700	0.100	0.100	0.100
0.100	0.100	0.700	0.100
0.100	0.100	0.700	0.100
0.100	0.700	0.100	0.100
0.100	0.700	0.100	0.100
0.100	0.100	0.700	0.100
0.100	0.100	0.100	0.700
0.100	0.100	0.700	0.100
0.100	0.700	0.100	0.100
0.100	0.100	0.700	0.100
>AGCCGGCGCA	17-AGCCGGCGCA	8.271891	-592.816608	0	T:277.0(22.67%),B:32.0(1.21%),P:1e-257	Tpos:584.9,Tstd:356.2,Bpos:228.8,Bstd:575.9,StrandBias:-0.3,Multiplicity:1.25
0.668	0.206	0.078	0.048
0.015	0.048	0.923	0.014
0.016	0.833	0.130	0.021
0.155	0.732	0.061	0.052
0.041	0.090	0.740	0.129
0.020	0.086	0.883	0.011
0.090	0.804	0.067	0.039
0.017	0.052	0.890	0.041
0.023	0.866	0.101	0.010
0.664	0.123	0.142	0.071
>TGGCCGCGCT	18-TGGCCGCGCT	9.164371	-576.971590	0	T:189.0(15.47%),B:8.8(0.33%),P:1e-250	Tpos:580.0,Tstd:399.3,Bpos:369.3,Bstd:145.6,StrandBias:-0.2,Multiplicity:1.15
0.059	0.048	0.095	0.798
0.004	0.004	0.988	0.004
0.004	0.038	0.930	0.028
0.004	0.944	0.048	0.004
0.028	0.739	0.162	0.071
0.004	0.028	0.940	0.028
0.070	0.901	0.001	0.028
0.001	0.001	0.971	0.027
0.004	0.967	0.028	0.001
0.001	0.082	0.059	0.858
>GCGTAATCGC	19-GCGTAATCGC	6.404373	-529.346024	0	T:322.0(26.35%),B:62.1(2.34%),P:1e-229	Tpos:565.2,Tstd:399.2,Bpos:494.6,Bstd:293.1,StrandBias:-0.0,Multiplicity:1.28
0.100	0.100	0.700	0.100
0.100	0.700	0.100	0.100
0.100	0.100	0.700	0.100
0.100	0.100	0.100	0.700
0.700	0.100	0.100	0.100
0.700	0.100	0.100	0.100
0.100	0.100	0.100	0.700
0.100	0.700	0.100	0.100
0.100	0.100	0.700	0.100
0.100	0.700	0.100	0.100
>GCGCGACAGG	20-GCGCGACAGG	8.350283	-489.357065	0	T:123.0(10.07%),B:2.2(0.08%),P:1e-212	Tpos:550.7,Tstd:332.5,Bpos:608.7,Bstd:57.6,StrandBias:0.1,Multiplicity:1.09
0.100	0.100	0.700	0.100
0.100	0.700	0.100	0.100
0.100	0.100	0.700	0.100
0.100	0.700	0.100	0.100
0.100	0.100	0.700	0.100
0.700	0.100	0.100	0.100
0.100	0.700	0.100	0.100
0.700	0.100	0.100	0.100
0.100	0.100	0.700	0.100
0.100	0.100	0.700	0.100
>GCGCTTCGGC	21-GCGCTTCGGC	8.350283	-482.669079	0	T:148.0(12.11%),B:5.6(0.21%),P:1e-209	Tpos:587.7,Tstd:340.2,Bpos:423.8,Bstd:171.3,StrandBias:-0.1,Multiplicity:1.14
0.100	0.100	0.700	0.100
0.100	0.700	0.100	0.100
0.100	0.100	0.700	0.100
0.100	0.700	0.100	0.100
0.100	0.100	0.100	0.700
0.100	0.100	0.100	0.700
0.100	0.700	0.100	0.100
0.100	0.100	0.700	0.100
0.100	0.100	0.700	0.100
0.100	0.700	0.100	0.100
>GGYTGGCGGG	22-GGYTGGCGGG	9.559277	-440.267719	0	T:99.0(8.10%),B:0.7(0.03%),P:1e-191	Tpos:588.5,Tstd:335.8,Bpos:191.9,Bstd:97.1,StrandBias:-0.6,Multiplicity:1.13
0.035	0.052	0.834	0.079
0.028	0.101	0.846	0.025
0.098	0.326	0.135	0.440
0.091	0.054	0.135	0.720
0.021	0.078	0.854	0.047
0.010	0.127	0.844	0.019
0.018	0.921	0.016	0.045
0.028	0.064	0.855	0.053
0.028	0.049	0.888	0.035
0.064	0.120	0.799	0.017
>GTTGCGGCGG	23-GTTGCGGCGG	8.350283	-425.806534	0	T:160.0(13.09%),B:10.5(0.40%),P:1e-184	Tpos:567.5,Tstd:332.5,Bpos:421.3,Bstd:152.4,StrandBias:0.1,Multiplicity:1.10
0.100	0.100	0.700	0.100
0.100	0.100	0.100	0.700
0.100	0.100	0.100	0.700
0.100	0.100	0.700	0.100
0.100	0.700	0.100	0.100
0.100	0.100	0.700	0.100
0.100	0.100	0.700	0.100
0.100	0.700	0.100	0.100
0.100	0.100	0.700	0.100
0.100	0.100	0.700	0.100
>CCCGCTGRCG	24-CCCGCTGRCG	9.521510	-423.943579	0	T:96.0(7.86%),B:0.4(0.01%),P:1e-184	Tpos:609.8,Tstd:321.2,Bpos:771.0,Bstd:0.0,StrandBias:0.4,Multiplicity:1.10
0.001	0.803	0.195	0.001
0.060	0.568	0.371	0.001
0.001	0.978	0.004	0.017
0.004	0.001	0.991	0.004
0.021	0.837	0.141	0.001
0.178	0.166	0.059	0.597
0.001	0.340	0.658	0.001
0.412	0.060	0.389	0.138
0.010	0.806	0.021	0.163
0.004	0.025	0.970	0.001
>ACCGGGGGGC	25-ACCGGGGGGC	8.350283	-415.385743	0	T:138.0(11.29%),B:6.4(0.24%),P:1e-180	Tpos:602.8,Tstd:379.5,Bpos:509.5,Bstd:79.7,StrandBias:0.4,Multiplicity:1.11
0.700	0.100	0.100	0.100
0.100	0.700	0.100	0.100
0.100	0.700	0.100	0.100
0.100	0.100	0.700	0.100
0.100	0.100	0.700	0.100
0.100	0.100	0.700	0.100
0.100	0.100	0.700	0.100
0.100	0.100	0.700	0.100
0.100	0.100	0.700	0.100
0.100	0.700	0.100	0.100
