>TCGGCGCGCTTC	1-TCGGCGCGCTTC	8.007679	-1130.130767	0	T:215.0(17.59%),B:0.8(0.03%),P:1e-490	Tpos:607.2,Tstd:369.0,Bpos:634.9,Bstd:136.7,StrandBias:-0.1,Multiplicity:1.19
0.082	0.191	0.183	0.544
0.060	0.709	0.138	0.093
0.085	0.159	0.624	0.132
0.047	0.176	0.703	0.074
0.103	0.694	0.114	0.089
0.062	0.168	0.661	0.109
0.096	0.695	0.124	0.085
0.085	0.163	0.646	0.106
0.037	0.781	0.118	0.064
0.079	0.180	0.110	0.631
0.045	0.209	0.217	0.529
0.043	0.784	0.102	0.071
>GGGCCACGCCCC	2-GGGCCACGCCCC	2.433444	-1017.665089	0	T:406.0(33.22%),B:33.1(1.25%),P:1e-441	Tpos:548.9,Tstd:357.9,Bpos:243.9,Bstd:484.2,StrandBias:-0.1,Multiplicity:1.34
0.300	0.001	0.698	0.001
0.001	0.001	0.997	0.001
0.001	0.001	0.997	0.001
0.001	0.997	0.001	0.001
0.001	0.997	0.001	0.001
0.718	0.119	0.162	0.001
0.001	0.997	0.001	0.001
0.001	0.001	0.997	0.001
0.001	0.997	0.001	0.001
0.001	0.997	0.001	0.001
0.001	0.997	0.001	0.001
0.001	0.997	0.001	0.001
>CGTAGCGGGCGG	3-CGTAGCGGGCGG	8.463612	-1014.998491	0	T:251.0(20.54%),B:4.7(0.18%),P:1e-440	Tpos:578.5,Tstd:344.3,Bpos:494.6,Bstd:137.5,StrandBias:-0.0,Multiplicity:1.17
0.100	0.700	0.100	0.100
0.100	0.100	0.700	0.100
0.100	0.100	0.100	0.700
0.700	0.100	0.100	0.100
0.100	0.100	0.700	0.100
0.100	0.700	0.100	0.100
0.100	0.100	0.700	0.100
0.100	0.100	0.700	0.100
0.100	0.100	0.700	0.100
0.100	0.700	0.100	0.100
0.100	0.100	0.700	0.100
0.100	0.100	0.700	0.100
>SGGGCGGGGCYC	4-SGGGCGGGGCYC	10.134064	-992.059471	0	T:193.0(15.79%),B:0.0(0.00%),P:1e-430	Tpos:550.5,Tstd:355.4,Bpos:0.0,Bstd:0.0,StrandBias:-0.1,Multiplicity:1.18
0.078	0.465	0.444	0.014
0.038	0.183	0.744	0.035
0.273	0.188	0.492	0.047
0.001	0.192	0.799	0.008
0.093	0.845	0.037	0.025
0.067	0.227	0.623	0.083
0.050	0.166	0.757	0.027
0.073	0.081	0.838	0.008
0.020	0.106	0.849	0.025
0.025	0.950	0.023	0.002
0.029	0.355	0.141	0.475
0.030	0.598	0.280	0.092
>AACCCGCGCGGC	5-AACCCGCGCGGC	8.463612	-958.943188	0	T:211.0(17.27%),B:2.3(0.09%),P:1e-416	Tpos:585.9,Tstd:382.2,Bpos:619.8,Bstd:92.0,StrandBias:-0.1,Multiplicity:1.22
0.700	0.100	0.100	0.100
0.700	0.100	0.100	0.100
0.100	0.700	0.100	0.100
0.100	0.700	0.100	0.100
0.100	0.700	0.100	0.100
0.100	0.100	0.700	0.100
0.100	0.700	0.100	0.100
0.100	0.100	0.700	0.100
0.100	0.700	0.100	0.100
0.100	0.100	0.700	0.100
0.100	0.100	0.700	0.100
0.100	0.700	0.100	0.100
>CGGGCGGGCTRC	6-CGGGCGGGCTRC	9.091182	-946.092740	0	T:274.0(22.42%),B:8.4(0.32%),P:1e-410	Tpos:592.9,Tstd:366.5,Bpos:353.6,Bstd:73.9,StrandBias:-0.1,Multiplicity:1.31
0.027	0.813	0.133	0.027
0.041	0.027	0.891	0.041
0.031	0.027	0.901	0.041
0.014	0.082	0.863	0.041
0.013	0.973	0.001	0.013
0.041	0.027	0.850	0.082
0.027	0.086	0.873	0.014
0.027	0.014	0.945	0.014
0.001	0.959	0.013	0.027
0.027	0.082	0.270	0.621
0.409	0.217	0.333	0.041
0.013	0.912	0.074	0.001
>GAGCCGGTGCGC	7-GAGCCGGTGCGC	9.195160	-914.140222	0	T:203.0(16.61%),B:2.1(0.08%),P:1e-397	Tpos:563.9,Tstd:320.4,Bpos:282.4,Bstd:149.5,StrandBias:-0.0,Multiplicity:1.18
0.038	0.112	0.823	0.027
0.651	0.139	0.155	0.055
0.028	0.079	0.859	0.034
0.035	0.797	0.138	0.030
0.075	0.711	0.133	0.081
0.068	0.105	0.749	0.078
0.028	0.167	0.782	0.023
0.150	0.187	0.196	0.467
0.026	0.089	0.848	0.037
0.076	0.769	0.102	0.053
0.039	0.118	0.775	0.068
0.042	0.771	0.147	0.040
>NNCGGCGTCCSB	8-NNCGGCGTCCSB	6.265933	-875.201047	0	T:174.0(14.24%),B:0.4(0.01%),P:1e-380	Tpos:552.4,Tstd:316.1,Bpos:275.0,Bstd:0.0,StrandBias:0.1,Multiplicity:1.11
0.211	0.297	0.294	0.198
0.316	0.266	0.204	0.214
0.125	0.637	0.103	0.135
0.128	0.160	0.608	0.104
0.121	0.135	0.606	0.138
0.139	0.605	0.139	0.117
0.138	0.092	0.641	0.129
0.136	0.150	0.124	0.590
0.135	0.535	0.167	0.163
0.151	0.539	0.167	0.143
0.184	0.360	0.248	0.208
0.175	0.270	0.332	0.223
>CGCGCAGGGCTC	9-CGCGCAGGGCTC	8.463612	-861.360881	0	T:309.0(25.29%),B:18.9(0.71%),P:1e-374	Tpos:569.4,Tstd:369.2,Bpos:467.8,Bstd:354.3,StrandBias:-0.2,Multiplicity:1.24
0.100	0.700	0.100	0.100
0.100	0.100	0.700	0.100
0.100	0.700	0.100	0.100
0.100	0.100	0.700	0.100
0.100	0.700	0.100	0.100
0.700	0.100	0.100	0.100
0.100	0.100	0.700	0.100
0.100	0.100	0.700	0.100
0.100	0.100	0.700	0.100
0.100	0.700	0.100	0.100
0.100	0.100	0.100	0.700
0.100	0.700	0.100	0.100
>CGCGTACCCGGA	10-CGCGTACCCGGA	8.574877	-832.745334	0	T:167.0(13.67%),B:1.2(0.05%),P:1e-361	Tpos:570.1,Tstd:376.5,Bpos:296.1,Bstd:99.2,StrandBias:0.0,Multiplicity:1.16
0.001	0.926	0.024	0.049
0.024	0.098	0.854	0.024
0.024	0.805	0.147	0.024
0.001	0.049	0.926	0.024
0.098	0.178	0.129	0.595
0.749	0.024	0.073	0.154
0.049	0.901	0.049	0.001
0.049	0.854	0.073	0.024
0.024	0.903	0.049	0.024
0.073	0.024	0.902	0.001
0.001	0.049	0.926	0.024
0.682	0.098	0.122	0.098
>TCGGCGGCACCG	11-TCGGCGGCACCG	8.463612	-825.531652	0	T:240.0(19.64%),B:7.2(0.27%),P:1e-358	Tpos:584.5,Tstd:352.6,Bpos:260.4,Bstd:284.9,StrandBias:-0.2,Multiplicity:1.23
0.100	0.100	0.100	0.700
0.100	0.700	0.100	0.100
0.100	0.100	0.700	0.100
0.100	0.100	0.700	0.100
0.100	0.700	0.100	0.100
0.100	0.100	0.700	0.100
0.100	0.100	0.700	0.100
0.100	0.700	0.100	0.100
0.700	0.100	0.100	0.100
0.100	0.700	0.100	0.100
0.100	0.700	0.100	0.100
0.100	0.100	0.700	0.100
>TCCGCGTGGCGG	12-TCCGCGTGGCGG	8.825214	-814.089542	0	T:221.0(18.09%),B:5.3(0.20%),P:1e-353	Tpos:578.1,Tstd:340.3,Bpos:421.9,Bstd:172.8,StrandBias:0.2,Multiplicity:1.18
0.024	0.060	0.107	0.809
0.001	0.891	0.083	0.025
0.060	0.843	0.048	0.049
0.048	0.162	0.766	0.024
0.038	0.731	0.195	0.036
0.001	0.025	0.938	0.036
0.113	0.096	0.236	0.555
0.024	0.047	0.928	0.001
0.012	0.048	0.928	0.012
0.048	0.868	0.036	0.048
0.036	0.060	0.856	0.048
0.012	0.060	0.892	0.036
>GCGCTTGCTCCG	13-GCGCTTGCTCCG	8.286174	-811.975705	0	T:237.0(19.39%),B:7.2(0.27%),P:1e-352	Tpos:546.5,Tstd:335.7,Bpos:611.7,Bstd:174.5,StrandBias:0.3,Multiplicity:1.08
0.059	0.150	0.716	0.075
0.090	0.699	0.114	0.097
0.086	0.145	0.638	0.131
0.048	0.759	0.128	0.065
0.108	0.238	0.123	0.531
0.089	0.142	0.237	0.532
0.051	0.182	0.679	0.088
0.044	0.820	0.086	0.050
0.084	0.133	0.154	0.629
0.038	0.737	0.163	0.062
0.122	0.648	0.109	0.121
0.091	0.173	0.614	0.122
>ACCCGCGACCGC	14-ACCCGCGACCGC	8.463612	-803.601676	0	T:209.0(17.10%),B:4.8(0.18%),P:1e-348	Tpos:548.1,Tstd:350.2,Bpos:82.8,Bstd:142.0,StrandBias:0.3,Multiplicity:1.11
0.700	0.100	0.100	0.100
0.100	0.700	0.100	0.100
0.100	0.700	0.100	0.100
0.100	0.700	0.100	0.100
0.100	0.100	0.700	0.100
0.100	0.700	0.100	0.100
0.100	0.100	0.700	0.100
0.700	0.100	0.100	0.100
0.100	0.700	0.100	0.100
0.100	0.700	0.100	0.100
0.100	0.100	0.700	0.100
0.100	0.700	0.100	0.100
>CGCCGCCGTAGT	15-CGCCGCCGTAGT	8.463612	-796.624108	0	T:161.0(13.18%),B:1.5(0.06%),P:1e-345	Tpos:573.5,Tstd:323.5,Bpos:419.2,Bstd:96.6,StrandBias:0.3,Multiplicity:1.14
0.100	0.700	0.100	0.100
0.100	0.100	0.700	0.100
0.100	0.700	0.100	0.100
0.100	0.700	0.100	0.100
0.100	0.100	0.700	0.100
0.100	0.700	0.100	0.100
0.100	0.700	0.100	0.100
0.100	0.100	0.700	0.100
0.100	0.100	0.100	0.700
0.700	0.100	0.100	0.100
0.100	0.100	0.700	0.100
0.100	0.100	0.100	0.700
>CCGGCCCTAGCC	16-CCGGCCCTAGCC	8.463612	-795.641253	0	T:325.0(26.60%),B:27.6(1.04%),P:1e-345	Tpos:572.7,Tstd:375.6,Bpos:537.2,Bstd:359.7,StrandBias:0.2,Multiplicity:1.29
0.100	0.700	0.100	0.100
0.100	0.700	0.100	0.100
0.100	0.100	0.700	0.100
0.100	0.100	0.700	0.100
0.100	0.700	0.100	0.100
0.100	0.700	0.100	0.100
0.100	0.700	0.100	0.100
0.100	0.100	0.100	0.700
0.700	0.100	0.100	0.100
0.100	0.100	0.700	0.100
0.100	0.700	0.100	0.100
0.100	0.700	0.100	0.100
>GCTCCGGTGGCC	17-GCTCCGGTGGCC	8.463612	-786.040327	0	T:319.0(26.10%),B:26.8(1.01%),P:1e-341	Tpos:556.5,Tstd:338.8,Bpos:441.5,Bstd:235.3,StrandBias:0.2,Multiplicity:1.24
0.100	0.100	0.700	0.100
0.100	0.700	0.100	0.100
0.100	0.100	0.100	0.700
0.100	0.700	0.100	0.100
0.100	0.700	0.100	0.100
0.100	0.100	0.700	0.100
0.100	0.100	0.700	0.100
0.100	0.100	0.100	0.700
0.100	0.100	0.700	0.100
0.100	0.100	0.700	0.100
0.100	0.700	0.100	0.100
0.100	0.700	0.100	0.100
>CCGCGCTTGCGT	18-CCGCGCTTGCGT	8.463612	-778.659309	0	T:158.0(12.93%),B:1.5(0.06%),P:1e-338	Tpos:588.0,Tstd:347.2,Bpos:296.5,Bstd:102.0,StrandBias:0.2,Multiplicity:1.14
0.100	0.700	0.100	0.100
0.100	0.700	0.100	0.100
0.100	0.100	0.700	0.100
0.100	0.700	0.100	0.100
0.100	0.100	0.700	0.100
0.100	0.700	0.100	0.100
0.100	0.100	0.100	0.700
0.100	0.100	0.100	0.700
0.100	0.100	0.700	0.100
0.100	0.700	0.100	0.100
0.100	0.100	0.700	0.100
0.100	0.100	0.100	0.700
>GCCGTAGCGGGG	19-GCCGTAGCGGGG	8.463612	-758.226788	0	T:225.0(18.41%),B:7.7(0.29%),P:1e-329	Tpos:553.9,Tstd:351.0,Bpos:467.9,Bstd:110.7,StrandBias:-0.1,Multiplicity:1.05
0.100	0.100	0.700	0.100
0.100	0.700	0.100	0.100
0.100	0.700	0.100	0.100
0.100	0.100	0.700	0.100
0.100	0.100	0.100	0.700
0.700	0.100	0.100	0.100
0.100	0.100	0.700	0.100
0.100	0.700	0.100	0.100
0.100	0.100	0.700	0.100
0.100	0.100	0.700	0.100
0.100	0.100	0.700	0.100
0.100	0.100	0.700	0.100
>CGCACCTCCAGC	20-CGCACCTCCAGC	8.673051	-616.400187	0	T:287.0(23.49%),B:32.7(1.24%),P:1e-267	Tpos:529.3,Tstd:361.0,Bpos:527.6,Bstd:341.2,StrandBias:0.0,Multiplicity:1.20
0.116	0.706	0.087	0.091
0.066	0.176	0.641	0.117
0.037	0.866	0.063	0.034
0.620	0.123	0.120	0.137
0.054	0.684	0.193	0.069
0.036	0.857	0.053	0.054
0.077	0.147	0.095	0.681
0.024	0.777	0.149	0.050
0.032	0.903	0.035	0.030
0.686	0.121	0.067	0.126
0.045	0.109	0.797	0.049
0.051	0.782	0.122	0.045
>STGGACGGCCGS	21-STGGACGGCCGS	7.501320	-597.585792	0	T:188.0(15.38%),B:7.4(0.28%),P:1e-259	Tpos:558.2,Tstd:358.7,Bpos:407.4,Bstd:87.6,StrandBias:-0.3,Multiplicity:1.15
0.144	0.337	0.376	0.143
0.146	0.124	0.225	0.505
0.089	0.118	0.710	0.083
0.089	0.171	0.670	0.070
0.523	0.150	0.239	0.088
0.130	0.549	0.209	0.112
0.136	0.125	0.615	0.124
0.066	0.133	0.737	0.064
0.083	0.685	0.164	0.068
0.140	0.556	0.179	0.125
0.071	0.128	0.685	0.116
0.151	0.388	0.322	0.139
>CGCCTCAAGCGG	22-CGCCTCAAGCGG	8.463612	-529.656749	0	T:131.0(10.72%),B:2.7(0.10%),P:1e-230	Tpos:561.4,Tstd:384.7,Bpos:393.7,Bstd:136.5,StrandBias:-0.4,Multiplicity:1.05
0.100	0.700	0.100	0.100
0.100	0.100	0.700	0.100
0.100	0.700	0.100	0.100
0.100	0.700	0.100	0.100
0.100	0.100	0.100	0.700
0.100	0.700	0.100	0.100
0.700	0.100	0.100	0.100
0.700	0.100	0.100	0.100
0.100	0.100	0.700	0.100
0.100	0.700	0.100	0.100
0.100	0.100	0.700	0.100
0.100	0.100	0.700	0.100
>CGACGCGTCGCC	23-CGACGCGTCGCC	8.463612	-508.557869	0	T:154.0(12.60%),B:5.9(0.22%),P:1e-220	Tpos:558.1,Tstd:296.3,Bpos:480.0,Bstd:52.4,StrandBias:0.3,Multiplicity:1.06
0.100	0.700	0.100	0.100
0.100	0.100	0.700	0.100
0.700	0.100	0.100	0.100
0.100	0.700	0.100	0.100
0.100	0.100	0.700	0.100
0.100	0.700	0.100	0.100
0.100	0.100	0.700	0.100
0.100	0.100	0.100	0.700
0.100	0.700	0.100	0.100
0.100	0.100	0.700	0.100
0.100	0.700	0.100	0.100
0.100	0.700	0.100	0.100
>AAGGCCGCCGCG	24-AAGGCCGCCGCG	8.463612	-348.269220	0	T:257.0(21.03%),B:66.4(2.50%),P:1e-151	Tpos:584.4,Tstd:327.6,Bpos:824.0,Bstd:112.4,StrandBias:0.3,Multiplicity:1.19
0.700	0.100	0.100	0.100
0.700	0.100	0.100	0.100
0.100	0.100	0.700	0.100
0.100	0.100	0.700	0.100
0.100	0.700	0.100	0.100
0.100	0.700	0.100	0.100
0.100	0.100	0.700	0.100
0.100	0.700	0.100	0.100
0.100	0.700	0.100	0.100
0.100	0.100	0.700	0.100
0.100	0.700	0.100	0.100
0.100	0.100	0.700	0.100
>GGCGCCGGCGTC	25-GGCGCCGGCGTC	10.409522	-137.868649	0	T:39.0(3.19%),B:0.0(0.00%),P:1e-59	Tpos:588.5,Tstd:384.0,Bpos:0.0,Bstd:0.0,StrandBias:-0.7,Multiplicity:1.06
0.100	0.100	0.700	0.100
0.100	0.100	0.700	0.100
0.100	0.700	0.100	0.100
0.100	0.100	0.700	0.100
0.100	0.700	0.100	0.100
0.100	0.700	0.100	0.100
0.100	0.100	0.700	0.100
0.100	0.100	0.700	0.100
0.100	0.700	0.100	0.100
0.100	0.100	0.700	0.100
0.100	0.100	0.100	0.700
0.100	0.700	0.100	0.100
