>TGAACAGATT	1-TGAACAGATT	9.421837	-20.561736	0	T:48.0(2.47%),B:434.1(0.90%),P:1e-8	Tpos:150.2,Tstd:144.0,Bpos:115.2,Bstd:65.6,StrandBias:0.1,Multiplicity:1.00
0.001	0.001	0.001	0.997
0.088	0.001	0.910	0.001
0.997	0.001	0.001	0.001
0.874	0.001	0.001	0.124
0.119	0.709	0.025	0.147
0.960	0.038	0.001	0.001
0.001	0.001	0.997	0.001
0.913	0.001	0.001	0.085
0.133	0.069	0.001	0.797
0.001	0.001	0.142	0.856
>CAGCACGCCT	2-CAGCACGCCT	6.401235	-16.239387	0	T:163.0(8.39%),B:2637.6(5.48%),P:1e-7	Tpos:161.8,Tstd:128.8,Bpos:120.6,Bstd:68.0,StrandBias:0.2,Multiplicity:1.10
0.097	0.609	0.228	0.066
0.551	0.162	0.089	0.198
0.149	0.283	0.456	0.112
0.035	0.726	0.165	0.074
0.629	0.131	0.084	0.156
0.210	0.446	0.097	0.247
0.152	0.211	0.423	0.214
0.076	0.621	0.167	0.136
0.001	0.854	0.001	0.144
0.261	0.047	0.083	0.609
>GTAGKTGWRG	3-GTAGKTGWRG	6.280006	-11.722531	0	T:96.0(4.94%),B:1487.8(3.09%),P:1e-5	Tpos:143.2,Tstd:133.0,Bpos:121.7,Bstd:67.4,StrandBias:-0.6,Multiplicity:1.41
0.191	0.009	0.794	0.006
0.008	0.153	0.327	0.512
0.576	0.182	0.113	0.129
0.227	0.197	0.567	0.009
0.206	0.007	0.442	0.345
0.189	0.011	0.315	0.485
0.197	0.192	0.608	0.003
0.446	0.157	0.060	0.337
0.503	0.005	0.393	0.099
0.274	0.123	0.435	0.168
>TTCATCCATC	4-TTCATCCATC	6.967380	-9.905304	0	T:180.0(9.27%),B:3322.9(6.91%),P:1e-4	Tpos:176.0,Tstd:148.4,Bpos:118.8,Bstd:68.7,StrandBias:-0.9,Multiplicity:1.22
0.138	0.052	0.039	0.771
0.047	0.089	0.094	0.770
0.044	0.793	0.105	0.058
0.744	0.069	0.126	0.061
0.062	0.044	0.080	0.814
0.071	0.873	0.044	0.012
0.066	0.838	0.022	0.074
0.797	0.051	0.106	0.046
0.020	0.082	0.096	0.802
0.096	0.808	0.032	0.064
>TCTTTCTTTC	5-TCTTTCTTTC	9.939749	-7.480388	0	T:79.0(4.07%),B:1327.1(2.76%),P:1e-3	Tpos:134.7,Tstd:106.9,Bpos:119.4,Bstd:66.5,StrandBias:-0.9,Multiplicity:1.19
0.001	0.001	0.085	0.913
0.001	0.997	0.001	0.001
0.143	0.001	0.140	0.716
0.001	0.001	0.001	0.997
0.001	0.135	0.001	0.863
0.153	0.766	0.080	0.001
0.001	0.001	0.001	0.997
0.001	0.001	0.001	0.997
0.001	0.297	0.001	0.701
0.001	0.997	0.001	0.001
