>CCGCCACGCGGA	12-TCCGCGTGGCGG	8.825214	-814.089542	0	T:221.0(18.09%),B:5.3(0.20%),P:1e-353
0.036	0.892	0.060	0.012
0.048	0.856	0.060	0.036
0.048	0.036	0.868	0.048
0.012	0.928	0.048	0.012
0.001	0.928	0.047	0.024
0.555	0.236	0.096	0.113
0.036	0.938	0.025	0.001
0.036	0.195	0.731	0.038
0.024	0.766	0.162	0.048
0.049	0.048	0.843	0.060
0.025	0.083	0.891	0.001
0.809	0.107	0.060	0.024
