>TCGGCGCGCTTC	1-TCGGCGCGCTTC	8.007679	-1130.130767	0	T:215.0(17.59%),B:0.8(0.03%),P:1e-490
0.082	0.191	0.183	0.544
0.060	0.709	0.138	0.093
0.085	0.159	0.624	0.132
0.047	0.176	0.703	0.074
0.103	0.694	0.114	0.089
0.062	0.168	0.661	0.109
0.096	0.695	0.124	0.085
0.085	0.163	0.646	0.106
0.037	0.781	0.118	0.064
0.079	0.180	0.110	0.631
0.045	0.209	0.217	0.529
0.043	0.784	0.102	0.071
