>VSGGACGCCGNN	8-NNCGGCGTCCSB	6.265933	-875.201047	0	T:174.0(14.24%),B:0.4(0.01%),P:1e-380
0.223	0.332	0.270	0.175
0.208	0.248	0.360	0.184
0.143	0.167	0.539	0.151
0.163	0.167	0.535	0.135
0.590	0.124	0.150	0.136
0.129	0.641	0.092	0.138
0.117	0.139	0.605	0.139
0.138	0.606	0.135	0.121
0.104	0.608	0.160	0.128
0.135	0.103	0.637	0.125
0.214	0.204	0.266	0.316
0.198	0.294	0.297	0.211
