>CGCGTACCCGGA	10-CGCGTACCCGGA	8.574877	-832.745334	0	T:167.0(13.67%),B:1.2(0.05%),P:1e-361
0.001	0.926	0.024	0.049
0.024	0.098	0.854	0.024
0.024	0.805	0.147	0.024
0.001	0.049	0.926	0.024
0.098	0.178	0.129	0.595
0.749	0.024	0.073	0.154
0.049	0.901	0.049	0.001
0.049	0.854	0.073	0.024
0.024	0.903	0.049	0.024
0.073	0.024	0.902	0.001
0.001	0.049	0.926	0.024
0.682	0.098	0.122	0.098
