>TCCGCGTGGCGG	12-TCCGCGTGGCGG,BestGuess:RPN4/MA0373.1/Jaspar(0.670)	8.825214	-814.089542	0	T:221.0(18.09%),B:5.3(0.20%),P:1e-353
0.024	0.060	0.107	0.809
0.001	0.891	0.083	0.025
0.060	0.843	0.048	0.049
0.048	0.162	0.766	0.024
0.038	0.731	0.195	0.036
0.001	0.025	0.938	0.036
0.113	0.096	0.236	0.555
0.024	0.047	0.928	0.001
0.012	0.048	0.928	0.012
0.048	0.868	0.036	0.048
0.036	0.060	0.856	0.048
0.012	0.060	0.892	0.036
