>CGGGCGGGCTRC	6-CGGGCGGGCTRC	9.091182	-946.092740	0	T:274.0(22.42%),B:8.4(0.32%),P:1e-410
0.027	0.813	0.133	0.027
0.041	0.027	0.891	0.041
0.031	0.027	0.901	0.041
0.014	0.082	0.863	0.041
0.013	0.973	0.001	0.013
0.041	0.027	0.850	0.082
0.027	0.086	0.873	0.014
0.027	0.014	0.945	0.014
0.001	0.959	0.013	0.027
0.027	0.082	0.270	0.621
0.409	0.217	0.333	0.041
0.013	0.912	0.074	0.001
