>SGGGCGGGGCYC	4-SGGGCGGGGCYC	10.134064	-992.059471	0	T:193.0(15.79%),B:0.0(0.00%),P:1e-430
0.078	0.465	0.444	0.014
0.038	0.183	0.744	0.035
0.273	0.188	0.492	0.047
0.001	0.192	0.799	0.008
0.093	0.845	0.037	0.025
0.067	0.227	0.623	0.083
0.050	0.166	0.757	0.027
0.073	0.081	0.838	0.008
0.020	0.106	0.849	0.025
0.025	0.950	0.023	0.002
0.029	0.355	0.141	0.475
0.030	0.598	0.280	0.092
