>STGGACGGCCGS	21-STGGACGGCCGS	7.501320	-597.585792	0	T:188.0(15.38%),B:7.4(0.28%),P:1e-259
0.144	0.337	0.376	0.143
0.146	0.124	0.225	0.505
0.089	0.118	0.710	0.083
0.089	0.171	0.670	0.070
0.523	0.150	0.239	0.088
0.130	0.549	0.209	0.112
0.136	0.125	0.615	0.124
0.066	0.133	0.737	0.064
0.083	0.685	0.164	0.068
0.140	0.556	0.179	0.125
0.071	0.128	0.685	0.116
0.151	0.388	0.322	0.139
