>CGCACCTCCAGC	20-CGCACCTCCAGC,BestGuess:Mad/dmmpmm(Down)/fly(0.709)	8.673051	-616.400187	0	T:287.0(23.49%),B:32.7(1.24%),P:1e-267
0.116	0.706	0.087	0.091
0.066	0.176	0.641	0.117
0.037	0.866	0.063	0.034
0.620	0.123	0.120	0.137
0.054	0.684	0.193	0.069
0.036	0.857	0.053	0.054
0.077	0.147	0.095	0.681
0.024	0.777	0.149	0.050
0.032	0.903	0.035	0.030
0.686	0.121	0.067	0.126
0.045	0.109	0.797	0.049
0.051	0.782	0.122	0.045
