>GCGCTTGCTCCG	13-GCGCTTGCTCCG	8.286174	-811.975705	0	T:237.0(19.39%),B:7.2(0.27%),P:1e-352
0.059	0.150	0.716	0.075
0.090	0.699	0.114	0.097
0.086	0.145	0.638	0.131
0.048	0.759	0.128	0.065
0.108	0.238	0.123	0.531
0.089	0.142	0.237	0.532
0.051	0.182	0.679	0.088
0.044	0.820	0.086	0.050
0.084	0.133	0.154	0.629
0.038	0.737	0.163	0.062
0.122	0.648	0.109	0.121
0.091	0.173	0.614	0.122
