>GAGCCGGTGCGC	7-GAGCCGGTGCGC,BestGuess:ZNF519(Zf)/HEK293-ZNF519.GFP-ChIP-Seq(GSE58341)/Homer(0.684)	9.195160	-914.140222	0	T:203.0(16.61%),B:2.1(0.08%),P:1e-397
0.038	0.112	0.823	0.027
0.651	0.139	0.155	0.055
0.028	0.079	0.859	0.034
0.035	0.797	0.138	0.030
0.075	0.711	0.133	0.081
0.068	0.105	0.749	0.078
0.028	0.167	0.782	0.023
0.150	0.187	0.196	0.467
0.026	0.089	0.848	0.037
0.076	0.769	0.102	0.053
0.039	0.118	0.775	0.068
0.042	0.771	0.147	0.040
