>GCTGGAGGTGCG	20-CGCACCTCCAGC	8.673051	-616.400187	0	T:287.0(23.49%),B:32.7(1.24%),P:1e-267
0.045	0.122	0.782	0.051
0.049	0.797	0.109	0.045
0.126	0.067	0.121	0.686
0.030	0.035	0.903	0.032
0.050	0.149	0.777	0.024
0.681	0.095	0.147	0.077
0.054	0.053	0.857	0.036
0.069	0.193	0.684	0.054
0.137	0.120	0.123	0.620
0.034	0.063	0.866	0.037
0.117	0.641	0.176	0.066
0.091	0.087	0.706	0.116
